Variable,Date,Depth,Data,QC
DENSITY (kgm-3),1992-03-10 00:00:00,0.6969,24.8622,N
DENSITY (kgm-3),1992-03-10 00:00:00,0.6993,24.8604,N
DENSITY (kgm-3),1992-03-10 00:00:00,0.7025,24.8555,N
DENSITY (kgm-3),1992-03-10 00:00:00,0.7066,24.8514,N
DENSITY (kgm-3),1992-03-10 00:00:00,0.7115,24.8535,N
DENSITY (kgm-3),1992-03-10 00:00:00,0.7173,24.8568,N
DENSITY (kgm-3),1992-03-10 00:00:00,0.7237,24.8535,N
DENSITY (kgm-3),1992-03-10 00:00:00,0.7308,24.8489,N
DENSITY (kgm-3),1992-03-10 00:00:00,0.7385,24.8485,N
DENSITY (kgm-3),1992-03-10 00:00:00,0.7469,24.8488,N
DENSITY (kgm-3),1992-03-10 00:00:00,0.7558,24.8507,N
DENSITY (kgm-3),1992-03-10 00:00:00,0.7654,24.8542,N
DENSITY (kgm-3),1992-03-10 00:00:00,0.7754,24.8558,N
DENSITY (kgm-3),1992-03-10 00:00:00,0.786,24.8583,N
DENSITY (kgm-3),1992-03-10 00:00:00,0.7971,24.8623,N
DENSITY (kgm-3),1992-03-10 00:00:00,0.8087,24.8649,N
DENSITY (kgm-3),1992-03-10 00:00:00,0.8207,24.8662,N
DENSITY (kgm-3),1992-03-10 00:00:00,0.8331,24.8656,N
DENSITY (kgm-3),1992-03-10 00:00:00,0.846,24.8618,N
DENSITY (kgm-3),1992-03-10 00:00:00,0.8593,24.8596,N
DENSITY (kgm-3),1992-03-10 00:00:00,0.8731,24.8608,N
DENSITY (kgm-3),1992-03-10 00:00:00,0.8875,24.8621,N
DENSITY (kgm-3),1992-03-10 00:00:00,0.9025,24.8616,N
DENSITY (kgm-3),1992-03-10 00:00:00,0.9181,24.8597,N
DENSITY (kgm-3),1992-03-10 00:00:00,0.9343,24.8582,N
DENSITY (kgm-3),1992-03-10 00:00:00,0.951,24.8579,N
DENSITY (kgm-3),1992-03-10 00:00:00,0.9682,24.8589,N
DENSITY (kgm-3),1992-03-10 00:00:00,0.9858,24.8597,N
DENSITY (kgm-3),1992-03-10 00:00:00,1.0038,24.8594,N
DENSITY (kgm-3),1992-03-10 00:00:00,1.0219,24.8591,N
DENSITY (kgm-3),1992-03-10 00:00:00,1.0403,24.8594,N
DENSITY (kgm-3),1992-03-10 00:00:00,1.0588,24.8582,N
DENSITY (kgm-3),1992-03-10 00:00:00,1.0775,24.8566,N
DENSITY (kgm-3),1992-03-10 00:00:00,1.0965,24.8572,N
DENSITY (kgm-3),1992-03-10 00:00:00,1.1158,24.8583,N
DENSITY (kgm-3),1992-03-10 00:00:00,1.1354,24.8555,N
DENSITY (kgm-3),1992-03-10 00:00:00,1.1553,24.8522,N
DENSITY (kgm-3),1992-03-10 00:00:00,1.1755,24.8547,N
DENSITY (kgm-3),1992-03-10 00:00:00,1.1961,24.8583,N
DENSITY (kgm-3),1992-03-10 00:00:00,1.2173,24.8597,N
DENSITY (kgm-3),1992-03-10 00:00:00,1.2392,24.8612,N
DENSITY (kgm-3),1992-03-10 00:00:00,1.2618,24.8615,N
DENSITY (kgm-3),1992-03-10 00:00:00,1.2849,24.8604,N
DENSITY (kgm-3),1992-03-10 00:00:00,1.3085,24.8569,N
DENSITY (kgm-3),1992-03-10 00:00:00,1.3326,24.8591,N
DENSITY (kgm-3),1992-03-10 00:00:00,1.3571,24.8743,N
DENSITY (kgm-3),1992-03-10 00:00:00,1.3819,24.8791,N
DENSITY (kgm-3),1992-03-10 00:00:00,1.4068,24.8625,N
DENSITY (kgm-3),1992-03-10 00:00:00,1.432,24.8536,N
DENSITY (kgm-3),1992-03-10 00:00:00,1.4573,24.8615,N
DENSITY (kgm-3),1992-03-10 00:00:00,1.4828,24.8628,N
DENSITY (kgm-3),1992-03-10 00:00:00,1.5085,24.8578,N
DENSITY (kgm-3),1992-03-10 00:00:00,1.5344,24.8595,N
DENSITY (kgm-3),1992-03-10 00:00:00,1.5606,24.8611,N
DENSITY (kgm-3),1992-03-10 00:00:00,1.5872,24.861,N
DENSITY (kgm-3),1992-03-10 00:00:00,1.614,24.8649,N
DENSITY (kgm-3),1992-03-10 00:00:00,1.6409,24.8602,N
DENSITY (kgm-3),1992-03-10 00:00:00,1.6681,24.8535,N
DENSITY (kgm-3),1992-03-10 00:00:00,1.6955,24.8611,N
DENSITY (kgm-3),1992-03-10 00:00:00,1.7231,24.864,N
DENSITY (kgm-3),1992-03-10 00:00:00,1.7508,24.8545,N
DENSITY (kgm-3),1992-03-10 00:00:00,1.7786,24.8538,N
DENSITY (kgm-3),1992-03-10 00:00:00,1.8066,24.858,N
DENSITY (kgm-3),1992-03-10 00:00:00,1.8346,24.8562,N
DENSITY (kgm-3),1992-03-10 00:00:00,1.8628,24.8571,N
DENSITY (kgm-3),1992-03-10 00:00:00,1.8909,24.8606,N
DENSITY (kgm-3),1992-03-10 00:00:00,1.9191,24.8597,N
DENSITY (kgm-3),1992-03-10 00:00:00,1.9471,24.8578,N
DENSITY (kgm-3),1992-03-10 00:00:00,1.975,24.8593,N
DENSITY (kgm-3),1992-03-10 00:00:00,2.0029,24.8611,N
DENSITY (kgm-3),1992-03-10 00:00:00,2.0308,24.8632,N
DENSITY (kgm-3),1992-03-10 00:00:00,2.0587,24.865,N
DENSITY (kgm-3),1992-03-10 00:00:00,2.0866,24.8594,N
DENSITY (kgm-3),1992-03-10 00:00:00,2.1145,24.8533,N
DENSITY (kgm-3),1992-03-10 00:00:00,2.1423,24.8571,N
DENSITY (kgm-3),1992-03-10 00:00:00,2.17,24.8618,N
DENSITY (kgm-3),1992-03-10 00:00:00,2.1977,24.8601,N
DENSITY (kgm-3),1992-03-10 00:00:00,2.2256,24.8564,N
DENSITY (kgm-3),1992-03-10 00:00:00,2.2537,24.8551,N
DENSITY (kgm-3),1992-03-10 00:00:00,2.2818,24.8568,N
DENSITY (kgm-3),1992-03-10 00:00:00,2.31,24.8566,N
DENSITY (kgm-3),1992-03-10 00:00:00,2.3383,24.8538,N
DENSITY (kgm-3),1992-03-10 00:00:00,2.3665,24.8536,N
DENSITY (kgm-3),1992-03-10 00:00:00,2.3948,24.8539,N
DENSITY (kgm-3),1992-03-10 00:00:00,2.4231,24.8529,N
DENSITY (kgm-3),1992-03-10 00:00:00,2.4513,24.8541,N
DENSITY (kgm-3),1992-03-10 00:00:00,2.4796,24.8556,N
DENSITY (kgm-3),1992-03-10 00:00:00,2.5079,24.8555,N
DENSITY (kgm-3),1992-03-10 00:00:00,2.5361,24.8549,N
DENSITY (kgm-3),1992-03-10 00:00:00,2.5643,24.8539,N
DENSITY (kgm-3),1992-03-10 00:00:00,2.5925,24.854,N
DENSITY (kgm-3),1992-03-10 00:00:00,2.6206,24.854,N
DENSITY (kgm-3),1992-03-10 00:00:00,2.649,24.8536,N
DENSITY (kgm-3),1992-03-10 00:00:00,2.6775,24.8551,N
DENSITY (kgm-3),1992-03-10 00:00:00,2.7063,24.8536,N
DENSITY (kgm-3),1992-03-10 00:00:00,2.7353,24.8513,N
DENSITY (kgm-3),1992-03-10 00:00:00,2.7646,24.8538,N
DENSITY (kgm-3),1992-03-10 00:00:00,2.7939,24.8552,N
DENSITY (kgm-3),1992-03-10 00:00:00,2.8234,24.8542,N
DENSITY (kgm-3),1992-03-10 00:00:00,2.8528,24.8535,N
DENSITY (kgm-3),1992-03-10 00:00:00,2.8822,24.8538,N
DENSITY (kgm-3),1992-03-10 00:00:00,2.9114,24.8555,N
DENSITY (kgm-3),1992-03-10 00:00:00,2.9407,24.8542,N
DENSITY (kgm-3),1992-03-10 00:00:00,2.9701,24.8534,N
DENSITY (kgm-3),1992-03-10 00:00:00,2.9995,24.8568,N
DENSITY (kgm-3),1992-03-10 00:00:00,3.0289,24.8572,N
DENSITY (kgm-3),1992-03-10 00:00:00,3.0584,24.8564,N
DENSITY (kgm-3),1992-03-10 00:00:00,3.0879,24.8597,N
DENSITY (kgm-3),1992-03-10 00:00:00,3.1175,24.8593,N
DENSITY (kgm-3),1992-03-10 00:00:00,3.1471,24.8557,N
DENSITY (kgm-3),1992-03-10 00:00:00,3.1768,24.8556,N
DENSITY (kgm-3),1992-03-10 00:00:00,3.2066,24.8557,N
DENSITY (kgm-3),1992-03-10 00:00:00,3.2366,24.8557,N
DENSITY (kgm-3),1992-03-10 00:00:00,3.2667,24.8563,N
DENSITY (kgm-3),1992-03-10 00:00:00,3.2969,24.8533,N
DENSITY (kgm-3),1992-03-10 00:00:00,3.3273,24.8527,N
DENSITY (kgm-3),1992-03-10 00:00:00,3.3579,24.8569,N
DENSITY (kgm-3),1992-03-10 00:00:00,3.3887,24.8569,N
DENSITY (kgm-3),1992-03-10 00:00:00,3.4195,24.8557,N
DENSITY (kgm-3),1992-03-10 00:00:00,3.4506,24.858,N
DENSITY (kgm-3),1992-03-10 00:00:00,3.4819,24.8588,N
DENSITY (kgm-3),1992-03-10 00:00:00,3.5133,24.8582,N
DENSITY (kgm-3),1992-03-10 00:00:00,3.5448,24.8561,N
DENSITY (kgm-3),1992-03-10 00:00:00,3.5763,24.8544,N
DENSITY (kgm-3),1992-03-10 00:00:00,3.6078,24.8585,N
DENSITY (kgm-3),1992-03-10 00:00:00,3.6393,24.8594,N
DENSITY (kgm-3),1992-03-10 00:00:00,3.6708,24.8558,N
DENSITY (kgm-3),1992-03-10 00:00:00,3.7025,24.858,N
DENSITY (kgm-3),1992-03-10 00:00:00,3.7341,24.8583,N
DENSITY (kgm-3),1992-03-10 00:00:00,3.7658,24.8547,N
DENSITY (kgm-3),1992-03-10 00:00:00,3.7974,24.8568,N
DENSITY (kgm-3),1992-03-10 00:00:00,3.829,24.8594,N
DENSITY (kgm-3),1992-03-10 00:00:00,3.8606,24.8567,N
DENSITY (kgm-3),1992-03-10 00:00:00,3.8921,24.8556,N
DENSITY (kgm-3),1992-03-10 00:00:00,3.9234,24.8577,N
DENSITY (kgm-3),1992-03-10 00:00:00,3.9545,24.8588,N
DENSITY (kgm-3),1992-03-10 00:00:00,3.9854,24.8574,N
DENSITY (kgm-3),1992-03-10 00:00:00,4.0163,24.8583,N
DENSITY (kgm-3),1992-03-10 00:00:00,4.0471,24.8596,N
DENSITY (kgm-3),1992-03-10 00:00:00,4.0777,24.8575,N
DENSITY (kgm-3),1992-03-10 00:00:00,4.1083,24.858,N
DENSITY (kgm-3),1992-03-10 00:00:00,4.1389,24.8597,N
DENSITY (kgm-3),1992-03-10 00:00:00,4.1694,24.8568,N
DENSITY (kgm-3),1992-03-10 00:00:00,4.2,24.8564,N
DENSITY (kgm-3),1992-03-10 00:00:00,4.2306,24.8586,N
DENSITY (kgm-3),1992-03-10 00:00:00,4.2612,24.8574,N
DENSITY (kgm-3),1992-03-10 00:00:00,4.2919,24.8566,N
DENSITY (kgm-3),1992-03-10 00:00:00,4.3226,24.8572,N
DENSITY (kgm-3),1992-03-10 00:00:00,4.3531,24.8563,N
DENSITY (kgm-3),1992-03-10 00:00:00,4.3835,24.8562,N
DENSITY (kgm-3),1992-03-10 00:00:00,4.4138,24.8594,N
DENSITY (kgm-3),1992-03-10 00:00:00,4.4439,24.8627,N
DENSITY (kgm-3),1992-03-10 00:00:00,4.474,24.8624,N
DENSITY (kgm-3),1992-03-10 00:00:00,4.5041,24.8597,N
DENSITY (kgm-3),1992-03-10 00:00:00,4.5342,24.8596,N
DENSITY (kgm-3),1992-03-10 00:00:00,4.5644,24.8612,N
DENSITY (kgm-3),1992-03-10 00:00:00,4.5945,24.8595,N
DENSITY (kgm-3),1992-03-10 00:00:00,4.6246,24.8593,N
DENSITY (kgm-3),1992-03-10 00:00:00,4.6544,24.8625,N
DENSITY (kgm-3),1992-03-10 00:00:00,4.6842,24.8617,N
DENSITY (kgm-3),1992-03-10 00:00:00,4.7138,24.8573,N
DENSITY (kgm-3),1992-03-10 00:00:00,4.7434,24.8588,N
DENSITY (kgm-3),1992-03-10 00:00:00,4.7727,24.8619,N
DENSITY (kgm-3),1992-03-10 00:00:00,4.802,24.8596,N
DENSITY (kgm-3),1992-03-10 00:00:00,4.8311,24.8594,N
DENSITY (kgm-3),1992-03-10 00:00:00,4.8601,24.8633,N
DENSITY (kgm-3),1992-03-10 00:00:00,4.8888,24.8621,N
DENSITY (kgm-3),1992-03-10 00:00:00,4.9173,24.8568,N
DENSITY (kgm-3),1992-03-10 00:00:00,4.9458,24.8555,N
DENSITY (kgm-3),1992-03-10 00:00:00,4.9742,24.8585,N
DENSITY (kgm-3),1992-03-10 00:00:00,5.0025,24.8616,N
DENSITY (kgm-3),1992-03-10 00:00:00,5.0309,24.8615,N
DENSITY (kgm-3),1992-03-10 00:00:00,5.0592,24.8606,N
DENSITY (kgm-3),1992-03-10 00:00:00,5.0874,24.8618,N
DENSITY (kgm-3),1992-03-10 00:00:00,5.1156,24.8605,N
DENSITY (kgm-3),1992-03-10 00:00:00,5.1439,24.8583,N
DENSITY (kgm-3),1992-03-10 00:00:00,5.1722,24.8574,N
DENSITY (kgm-3),1992-03-10 00:00:00,5.2007,24.8579,N
DENSITY (kgm-3),1992-03-10 00:00:00,5.2293,24.8628,N
DENSITY (kgm-3),1992-03-10 00:00:00,5.2577,24.8669,N
DENSITY (kgm-3),1992-03-10 00:00:00,5.286,24.8634,N
DENSITY (kgm-3),1992-03-10 00:00:00,5.3139,24.8597,N
DENSITY (kgm-3),1992-03-10 00:00:00,5.3417,24.8595,N
DENSITY (kgm-3),1992-03-10 00:00:00,5.3694,24.859,N
DENSITY (kgm-3),1992-03-10 00:00:00,5.3972,24.8613,N
DENSITY (kgm-3),1992-03-10 00:00:00,5.4251,24.8638,N
DENSITY (kgm-3),1992-03-10 00:00:00,5.4532,24.8633,N
DENSITY (kgm-3),1992-03-10 00:00:00,5.4815,24.8618,N
DENSITY (kgm-3),1992-03-10 00:00:00,5.5098,24.8595,N
DENSITY (kgm-3),1992-03-10 00:00:00,5.5382,24.8604,N
DENSITY (kgm-3),1992-03-10 00:00:00,5.5665,24.863,N
DENSITY (kgm-3),1992-03-10 00:00:00,5.595,24.8616,N
DENSITY (kgm-3),1992-03-10 00:00:00,5.6235,24.8621,N
DENSITY (kgm-3),1992-03-10 00:00:00,5.6521,24.8652,N
DENSITY (kgm-3),1992-03-10 00:00:00,5.6807,24.864,N
DENSITY (kgm-3),1992-03-10 00:00:00,5.7093,24.8638,N
DENSITY (kgm-3),1992-03-10 00:00:00,5.7378,24.8651,N
DENSITY (kgm-3),1992-03-10 00:00:00,5.7664,24.8616,N
DENSITY (kgm-3),1992-03-10 00:00:00,5.7949,24.8604,N
DENSITY (kgm-3),1992-03-10 00:00:00,5.8236,24.8634,N
DENSITY (kgm-3),1992-03-10 00:00:00,5.8521,24.8619,N
DENSITY (kgm-3),1992-03-10 00:00:00,5.8807,24.8599,N
DENSITY (kgm-3),1992-03-10 00:00:00,5.9093,24.8634,N
DENSITY (kgm-3),1992-03-10 00:00:00,5.9378,24.8674,N
DENSITY (kgm-3),1992-03-10 00:00:00,5.9663,24.8662,N
DENSITY (kgm-3),1992-03-10 00:00:00,5.9947,24.8612,N
DENSITY (kgm-3),1992-03-10 00:00:00,6.023,24.8608,N
DENSITY (kgm-3),1992-03-10 00:00:00,6.0514,24.865,N
DENSITY (kgm-3),1992-03-10 00:00:00,6.0798,24.8646,N
DENSITY (kgm-3),1992-03-10 00:00:00,6.1083,24.8627,N
DENSITY (kgm-3),1992-03-10 00:00:00,6.1367,24.8621,N
DENSITY (kgm-3),1992-03-10 00:00:00,6.1651,24.86,N
DENSITY (kgm-3),1992-03-10 00:00:00,6.1935,24.8608,N
DENSITY (kgm-3),1992-03-10 00:00:00,6.222,24.8641,N
DENSITY (kgm-3),1992-03-10 00:00:00,6.2505,24.8651,N
DENSITY (kgm-3),1992-03-10 00:00:00,6.2792,24.8625,N
DENSITY (kgm-3),1992-03-10 00:00:00,6.308,24.8591,N
DENSITY (kgm-3),1992-03-10 00:00:00,6.3369,24.8604,N
DENSITY (kgm-3),1992-03-10 00:00:00,6.3661,24.8619,N
DENSITY (kgm-3),1992-03-10 00:00:00,6.3953,24.861,N
DENSITY (kgm-3),1992-03-10 00:00:00,6.4245,24.8608,N
DENSITY (kgm-3),1992-03-10 00:00:00,6.4539,24.8611,N
DENSITY (kgm-3),1992-03-10 00:00:00,6.4834,24.8612,N
DENSITY (kgm-3),1992-03-10 00:00:00,6.5131,24.8628,N
DENSITY (kgm-3),1992-03-10 00:00:00,6.543,24.8645,N
DENSITY (kgm-3),1992-03-10 00:00:00,6.573,24.8632,N
DENSITY (kgm-3),1992-03-10 00:00:00,6.6031,24.8635,N
DENSITY (kgm-3),1992-03-10 00:00:00,6.6334,24.8674,N
DENSITY (kgm-3),1992-03-10 00:00:00,6.6637,24.8652,N
DENSITY (kgm-3),1992-03-10 00:00:00,6.6941,24.8588,N
DENSITY (kgm-3),1992-03-10 00:00:00,6.7244,24.8601,N
DENSITY (kgm-3),1992-03-10 00:00:00,6.7545,24.8623,N
DENSITY (kgm-3),1992-03-10 00:00:00,6.7845,24.8607,N
DENSITY (kgm-3),1992-03-10 00:00:00,6.8144,24.8613,N
DENSITY (kgm-3),1992-03-10 00:00:00,6.8442,24.8611,N
DENSITY (kgm-3),1992-03-10 00:00:00,6.8739,24.8567,N
DENSITY (kgm-3),1992-03-10 00:00:00,6.9033,24.8535,N
DENSITY (kgm-3),1992-03-10 00:00:00,6.9325,24.8531,N
DENSITY (kgm-3),1992-03-10 00:00:00,6.9618,24.854,N
DENSITY (kgm-3),1992-03-10 00:00:00,6.991,24.8533,N
DENSITY (kgm-3),1992-03-10 00:00:00,7.0203,24.8533,N
DENSITY (kgm-3),1992-03-10 00:00:00,7.05,24.8542,N
DENSITY (kgm-3),1992-03-10 00:00:00,7.08,24.8516,N
DENSITY (kgm-3),1992-03-10 00:00:00,7.1102,24.8507,N
DENSITY (kgm-3),1992-03-10 00:00:00,7.1406,24.863,N
DENSITY (kgm-3),1992-03-10 00:00:00,7.1711,24.8722,N
DENSITY (kgm-3),1992-03-10 00:00:00,7.2017,24.8604,N
DENSITY (kgm-3),1992-03-10 00:00:00,7.2325,24.849,N
DENSITY (kgm-3),1992-03-10 00:00:00,7.2635,24.8541,N
DENSITY (kgm-3),1992-03-10 00:00:00,7.2946,24.8579,N
DENSITY (kgm-3),1992-03-10 00:00:00,7.3259,24.8572,N
DENSITY (kgm-3),1992-03-10 00:00:00,7.3571,24.8616,N
DENSITY (kgm-3),1992-03-10 00:00:00,7.3882,24.8618,N
DENSITY (kgm-3),1992-03-10 00:00:00,7.419,24.8542,N
DENSITY (kgm-3),1992-03-10 00:00:00,7.4498,24.8541,N
DENSITY (kgm-3),1992-03-10 00:00:00,7.4805,24.8589,N
DENSITY (kgm-3),1992-03-10 00:00:00,7.511,24.8555,N
DENSITY (kgm-3),1992-03-10 00:00:00,7.5415,24.8522,N
DENSITY (kgm-3),1992-03-10 00:00:00,7.5717,24.8567,N
DENSITY (kgm-3),1992-03-10 00:00:00,7.6017,24.8591,N
DENSITY (kgm-3),1992-03-10 00:00:00,7.6315,24.8575,N
DENSITY (kgm-3),1992-03-10 00:00:00,7.6613,24.8585,N
DENSITY (kgm-3),1992-03-10 00:00:00,7.6909,24.8622,N
DENSITY (kgm-3),1992-03-10 00:00:00,7.7203,24.863,N
DENSITY (kgm-3),1992-03-10 00:00:00,7.7496,24.8571,N
DENSITY (kgm-3),1992-03-10 00:00:00,7.7789,24.8545,N
DENSITY (kgm-3),1992-03-10 00:00:00,7.8079,24.86,N
DENSITY (kgm-3),1992-03-10 00:00:00,7.837,24.861,N
DENSITY (kgm-3),1992-03-10 00:00:00,7.866,24.8585,N
DENSITY (kgm-3),1992-03-10 00:00:00,7.8949,24.8595,N
DENSITY (kgm-3),1992-03-10 00:00:00,7.9236,24.86,N
DENSITY (kgm-3),1992-03-10 00:00:00,7.9521,24.8621,N
DENSITY (kgm-3),1992-03-10 00:00:00,7.9804,24.8655,N
DENSITY (kgm-3),1992-03-10 00:00:00,8.0088,24.8645,N
DENSITY (kgm-3),1992-03-10 00:00:00,8.0372,24.8602,N
DENSITY (kgm-3),1992-03-10 00:00:00,8.0657,24.8567,N
DENSITY (kgm-3),1992-03-10 00:00:00,8.0942,24.8594,N
DENSITY (kgm-3),1992-03-10 00:00:00,8.123,24.8635,N
DENSITY (kgm-3),1992-03-10 00:00:00,8.1521,24.8612,N
DENSITY (kgm-3),1992-03-10 00:00:00,8.1814,24.8625,N
DENSITY (kgm-3),1992-03-10 00:00:00,8.2111,24.8695,N
DENSITY (kgm-3),1992-03-10 00:00:00,8.2408,24.8693,N
DENSITY (kgm-3),1992-03-10 00:00:00,8.2708,24.8625,N
DENSITY (kgm-3),1992-03-10 00:00:00,8.3006,24.8589,N
DENSITY (kgm-3),1992-03-10 00:00:00,8.3305,24.86,N
DENSITY (kgm-3),1992-03-10 00:00:00,8.3603,24.8605,N
DENSITY (kgm-3),1992-03-10 00:00:00,8.3903,24.8583,N
DENSITY (kgm-3),1992-03-10 00:00:00,8.4203,24.8586,N
DENSITY (kgm-3),1992-03-10 00:00:00,8.4503,24.8584,N
DENSITY (kgm-3),1992-03-10 00:00:00,8.4803,24.8545,N
DENSITY (kgm-3),1992-03-10 00:00:00,8.5103,24.8547,N
DENSITY (kgm-3),1992-03-10 00:00:00,8.5405,24.8568,N
DENSITY (kgm-3),1992-03-10 00:00:00,8.5709,24.8533,N
DENSITY (kgm-3),1992-03-10 00:00:00,8.6017,24.8494,N
DENSITY (kgm-3),1992-03-10 00:00:00,8.6329,24.8502,N
DENSITY (kgm-3),1992-03-10 00:00:00,8.664,24.8535,N
DENSITY (kgm-3),1992-03-10 00:00:00,8.6953,24.8561,N
DENSITY (kgm-3),1992-03-10 00:00:00,8.7267,24.8568,N
DENSITY (kgm-3),1992-03-10 00:00:00,8.7583,24.8585,N
DENSITY (kgm-3),1992-03-10 00:00:00,8.7902,24.8601,N
DENSITY (kgm-3),1992-03-10 00:00:00,8.8221,24.8582,N
DENSITY (kgm-3),1992-03-10 00:00:00,8.854,24.8556,N
DENSITY (kgm-3),1992-03-10 00:00:00,8.8857,24.8564,N
DENSITY (kgm-3),1992-03-10 00:00:00,8.9175,24.8577,N
DENSITY (kgm-3),1992-03-10 00:00:00,8.9493,24.8553,N
DENSITY (kgm-3),1992-03-10 00:00:00,8.9809,24.8539,N
DENSITY (kgm-3),1992-03-10 00:00:00,9.0124,24.8555,N
DENSITY (kgm-3),1992-03-10 00:00:00,9.0438,24.8577,N
DENSITY (kgm-3),1992-03-10 00:00:00,9.0751,24.8585,N
DENSITY (kgm-3),1992-03-10 00:00:00,9.1064,24.8591,N
DENSITY (kgm-3),1992-03-10 00:00:00,9.1378,24.8588,N
DENSITY (kgm-3),1992-03-10 00:00:00,9.1694,24.8573,N
DENSITY (kgm-3),1992-03-10 00:00:00,9.2013,24.8551,N
DENSITY (kgm-3),1992-03-10 00:00:00,9.2334,24.8539,N
DENSITY (kgm-3),1992-03-10 00:00:00,9.2655,24.8567,N
DENSITY (kgm-3),1992-03-10 00:00:00,9.2978,24.8629,N
DENSITY (kgm-3),1992-03-10 00:00:00,9.33,24.8652,N
DENSITY (kgm-3),1992-03-10 00:00:00,9.3624,24.8578,N
DENSITY (kgm-3),1992-03-10 00:00:00,9.3953,24.8529,N
DENSITY (kgm-3),1992-03-10 00:00:00,9.4282,24.8585,N
DENSITY (kgm-3),1992-03-10 00:00:00,9.4612,24.8617,N
DENSITY (kgm-3),1992-03-10 00:00:00,9.4943,24.859,N
DENSITY (kgm-3),1992-03-10 00:00:00,9.5272,24.86,N
DENSITY (kgm-3),1992-03-10 00:00:00,9.5601,24.861,N
DENSITY (kgm-3),1992-03-10 00:00:00,9.5927,24.8597,N
DENSITY (kgm-3),1992-03-10 00:00:00,9.6255,24.8601,N
DENSITY (kgm-3),1992-03-10 00:00:00,9.6584,24.8604,N
DENSITY (kgm-3),1992-03-10 00:00:00,9.6911,24.8617,N
DENSITY (kgm-3),1992-03-10 00:00:00,9.7235,24.8639,N
DENSITY (kgm-3),1992-03-10 00:00:00,9.756,24.8613,N
DENSITY (kgm-3),1992-03-10 00:00:00,9.7883,24.8591,N
DENSITY (kgm-3),1992-03-10 00:00:00,9.8204,24.8618,N
DENSITY (kgm-3),1992-03-10 00:00:00,9.8522,24.8624,N
DENSITY (kgm-3),1992-03-10 00:00:00,9.8839,24.8593,N
DENSITY (kgm-3),1992-03-10 00:00:00,9.9153,24.859,N
DENSITY (kgm-3),1992-03-10 00:00:00,9.9465,24.8616,N
DENSITY (kgm-3),1992-03-10 00:00:00,9.9776,24.8625,N
DENSITY (kgm-3),1992-03-10 00:00:00,10.0085,24.8602,N
DENSITY (kgm-3),1992-03-10 00:00:00,10.0393,24.86,N
DENSITY (kgm-3),1992-03-10 00:00:00,10.07,24.868,N
DENSITY (kgm-3),1992-03-10 00:00:00,10.1008,24.8722,N
DENSITY (kgm-3),1992-03-10 00:00:00,10.1317,24.8621,N
DENSITY (kgm-3),1992-03-10 00:00:00,10.1626,24.8557,N
DENSITY (kgm-3),1992-03-10 00:00:00,10.1936,24.8624,N
DENSITY (kgm-3),1992-03-10 00:00:00,10.2246,24.8634,N
DENSITY (kgm-3),1992-03-10 00:00:00,10.2556,24.8561,N
DENSITY (kgm-3),1992-03-10 00:00:00,10.2867,24.8564,N
DENSITY (kgm-3),1992-03-10 00:00:00,10.3179,24.8634,N
DENSITY (kgm-3),1992-03-10 00:00:00,10.3494,24.8652,N
DENSITY (kgm-3),1992-03-10 00:00:00,10.3809,24.8623,N
DENSITY (kgm-3),1992-03-10 00:00:00,10.4126,24.8608,N
DENSITY (kgm-3),1992-03-10 00:00:00,10.4442,24.8607,N
DENSITY (kgm-3),1992-03-10 00:00:00,10.4759,24.8586,N
DENSITY (kgm-3),1992-03-10 00:00:00,10.5075,24.8584,N
DENSITY (kgm-3),1992-03-10 00:00:00,10.5391,24.8622,N
DENSITY (kgm-3),1992-03-10 00:00:00,10.5707,24.8611,N
DENSITY (kgm-3),1992-03-10 00:00:00,10.602,24.8547,N
DENSITY (kgm-3),1992-03-10 00:00:00,10.6333,24.8545,N
DENSITY (kgm-3),1992-03-10 00:00:00,10.6646,24.8611,N
DENSITY (kgm-3),1992-03-10 00:00:00,10.6956,24.8615,N
DENSITY (kgm-3),1992-03-10 00:00:00,10.7268,24.8555,N
DENSITY (kgm-3),1992-03-10 00:00:00,10.7584,24.8555,N
DENSITY (kgm-3),1992-03-10 00:00:00,10.7902,24.86,N
DENSITY (kgm-3),1992-03-10 00:00:00,10.8221,24.8607,N
DENSITY (kgm-3),1992-03-10 00:00:00,10.8541,24.8585,N
DENSITY (kgm-3),1992-03-10 00:00:00,10.8861,24.858,N
DENSITY (kgm-3),1992-03-10 00:00:00,10.9179,24.8599,N
DENSITY (kgm-3),1992-03-10 00:00:00,10.9496,24.8586,N
DENSITY (kgm-3),1992-03-10 00:00:00,10.9814,24.8564,N
DENSITY (kgm-3),1992-03-10 00:00:00,11.0132,24.8579,N
DENSITY (kgm-3),1992-03-10 00:00:00,11.0448,24.8593,N
DENSITY (kgm-3),1992-03-10 00:00:00,11.0768,24.8589,N
DENSITY (kgm-3),1992-03-10 00:00:00,11.1089,24.8602,N
DENSITY (kgm-3),1992-03-10 00:00:00,11.1413,24.8593,N
DENSITY (kgm-3),1992-03-10 00:00:00,11.1739,24.8575,N
DENSITY (kgm-3),1992-03-10 00:00:00,11.2066,24.8594,N
DENSITY (kgm-3),1992-03-10 00:00:00,11.2394,24.8593,N
DENSITY (kgm-3),1992-03-10 00:00:00,11.2722,24.8563,N
DENSITY (kgm-3),1992-03-10 00:00:00,11.305,24.8574,N
DENSITY (kgm-3),1992-03-10 00:00:00,11.3375,24.8586,N
DENSITY (kgm-3),1992-03-10 00:00:00,11.3702,24.8577,N
DENSITY (kgm-3),1992-03-10 00:00:00,11.4031,24.8573,N
DENSITY (kgm-3),1992-03-10 00:00:00,11.436,24.8572,N
DENSITY (kgm-3),1992-03-10 00:00:00,11.4689,24.8595,N
DENSITY (kgm-3),1992-03-10 00:00:00,11.5018,24.8625,N
DENSITY (kgm-3),1992-03-10 00:00:00,11.5348,24.8619,N
DENSITY (kgm-3),1992-03-10 00:00:00,11.5679,24.8599,N
DENSITY (kgm-3),1992-03-10 00:00:00,11.6013,24.8582,N
DENSITY (kgm-3),1992-03-10 00:00:00,11.6347,24.8585,N
DENSITY (kgm-3),1992-03-10 00:00:00,11.6681,24.8596,N
DENSITY (kgm-3),1992-03-10 00:00:00,11.7015,24.8586,N
DENSITY (kgm-3),1992-03-10 00:00:00,11.7348,24.8597,N
DENSITY (kgm-3),1992-03-10 00:00:00,11.768,24.8595,N
DENSITY (kgm-3),1992-03-10 00:00:00,11.8012,24.8553,N
DENSITY (kgm-3),1992-03-10 00:00:00,11.8342,24.8555,N
DENSITY (kgm-3),1992-03-10 00:00:00,11.867,24.8583,N
DENSITY (kgm-3),1992-03-10 00:00:00,11.8995,24.8591,N
DENSITY (kgm-3),1992-03-10 00:00:00,11.9316,24.8586,N
DENSITY (kgm-3),1992-03-10 00:00:00,11.9638,24.856,N
DENSITY (kgm-3),1992-03-10 00:00:00,11.9959,24.8542,N
DENSITY (kgm-3),1992-03-10 00:00:00,12.0281,24.8584,N
DENSITY (kgm-3),1992-03-10 00:00:00,12.0602,24.8611,N
DENSITY (kgm-3),1992-03-10 00:00:00,12.0922,24.8589,N
DENSITY (kgm-3),1992-03-10 00:00:00,12.124,24.8583,N
DENSITY (kgm-3),1992-03-10 00:00:00,12.1556,24.8593,N
DENSITY (kgm-3),1992-03-10 00:00:00,12.1872,24.8596,N
DENSITY (kgm-3),1992-03-10 00:00:00,12.2186,24.8583,N
DENSITY (kgm-3),1992-03-10 00:00:00,12.2499,24.855,N
DENSITY (kgm-3),1992-03-10 00:00:00,12.2809,24.8558,N
DENSITY (kgm-3),1992-03-10 00:00:00,12.3117,24.8607,N
DENSITY (kgm-3),1992-03-10 00:00:00,12.3425,24.8621,N
DENSITY (kgm-3),1992-03-10 00:00:00,12.373,24.8606,N
DENSITY (kgm-3),1992-03-10 00:00:00,12.4032,24.8584,N
DENSITY (kgm-3),1992-03-10 00:00:00,12.4335,24.8552,N
DENSITY (kgm-3),1992-03-10 00:00:00,12.4638,24.8555,N
DENSITY (kgm-3),1992-03-10 00:00:00,12.4944,24.8583,N
DENSITY (kgm-3),1992-03-10 00:00:00,12.525,24.859,N
DENSITY (kgm-3),1992-03-10 00:00:00,12.5559,24.8593,N
DENSITY (kgm-3),1992-03-10 00:00:00,12.5871,24.8619,N
DENSITY (kgm-3),1992-03-10 00:00:00,12.6184,24.8608,N
DENSITY (kgm-3),1992-03-10 00:00:00,12.65,24.8552,N
DENSITY (kgm-3),1992-03-10 00:00:00,12.6815,24.8561,N
DENSITY (kgm-3),1992-03-10 00:00:00,12.7131,24.8636,N
DENSITY (kgm-3),1992-03-10 00:00:00,12.7447,24.8632,N
DENSITY (kgm-3),1992-03-10 00:00:00,12.7763,24.8572,N
DENSITY (kgm-3),1992-03-10 00:00:00,12.8082,24.8591,N
DENSITY (kgm-3),1992-03-10 00:00:00,12.8402,24.8632,N
DENSITY (kgm-3),1992-03-10 00:00:00,12.8725,24.8613,N
DENSITY (kgm-3),1992-03-10 00:00:00,12.905,24.8593,N
DENSITY (kgm-3),1992-03-10 00:00:00,12.9374,24.8586,N
DENSITY (kgm-3),1992-03-10 00:00:00,12.9698,24.858,N
DENSITY (kgm-3),1992-03-10 00:00:00,13.0021,24.8595,N
DENSITY (kgm-3),1992-03-10 00:00:00,13.0345,24.8593,N
DENSITY (kgm-3),1992-03-10 00:00:00,13.0671,24.8572,N
DENSITY (kgm-3),1992-03-10 00:00:00,13.0995,24.8582,N
DENSITY (kgm-3),1992-03-10 00:00:00,13.1318,24.8605,N
DENSITY (kgm-3),1992-03-10 00:00:00,13.164,24.8605,N
DENSITY (kgm-3),1992-03-10 00:00:00,13.1962,24.859,N
DENSITY (kgm-3),1992-03-10 00:00:00,13.2284,24.8575,N
DENSITY (kgm-3),1992-03-10 00:00:00,13.2607,24.8566,N
DENSITY (kgm-3),1992-03-10 00:00:00,13.2929,24.8573,N
DENSITY (kgm-3),1992-03-10 00:00:00,13.3252,24.861,N
DENSITY (kgm-3),1992-03-10 00:00:00,13.3574,24.863,N
DENSITY (kgm-3),1992-03-10 00:00:00,13.3898,24.8572,N
DENSITY (kgm-3),1992-03-10 00:00:00,13.4224,24.8527,N
DENSITY (kgm-3),1992-03-10 00:00:00,13.4551,24.8577,N
DENSITY (kgm-3),1992-03-10 00:00:00,13.4877,24.8617,N
DENSITY (kgm-3),1992-03-10 00:00:00,13.5203,24.8569,N
DENSITY (kgm-3),1992-03-10 00:00:00,13.5533,24.8539,N
DENSITY (kgm-3),1992-03-10 00:00:00,13.5862,24.8569,N
DENSITY (kgm-3),1992-03-10 00:00:00,13.6189,24.8611,N
DENSITY (kgm-3),1992-03-10 00:00:00,13.6512,24.8624,N
DENSITY (kgm-3),1992-03-10 00:00:00,13.6833,24.8601,N
DENSITY (kgm-3),1992-03-10 00:00:00,13.7154,24.8588,N
DENSITY (kgm-3),1992-03-10 00:00:00,13.7477,24.8606,N
DENSITY (kgm-3),1992-03-10 00:00:00,13.7799,24.86,N
DENSITY (kgm-3),1992-03-10 00:00:00,13.8122,24.8601,N
DENSITY (kgm-3),1992-03-10 00:00:00,13.8442,24.861,N
DENSITY (kgm-3),1992-03-10 00:00:00,13.8762,24.8589,N
DENSITY (kgm-3),1992-03-10 00:00:00,13.9079,24.859,N
DENSITY (kgm-3),1992-03-10 00:00:00,13.9398,24.8622,N
DENSITY (kgm-3),1992-03-10 00:00:00,13.9719,24.8611,N
DENSITY (kgm-3),1992-03-10 00:00:00,14.0041,24.8588,N
DENSITY (kgm-3),1992-03-10 00:00:00,14.0362,24.8599,N
DENSITY (kgm-3),1992-03-10 00:00:00,14.0682,24.8588,N
DENSITY (kgm-3),1992-03-10 00:00:00,14.1001,24.8557,N
DENSITY (kgm-3),1992-03-10 00:00:00,14.1321,24.8555,N
DENSITY (kgm-3),1992-03-10 00:00:00,14.1641,24.8588,N
DENSITY (kgm-3),1992-03-10 00:00:00,14.1959,24.8601,N
DENSITY (kgm-3),1992-03-10 00:00:00,14.2279,24.8561,N
DENSITY (kgm-3),1992-03-10 00:00:00,14.2599,24.8556,N
DENSITY (kgm-3),1992-03-10 00:00:00,14.2918,24.8583,N
DENSITY (kgm-3),1992-03-10 00:00:00,14.3237,24.8585,N
DENSITY (kgm-3),1992-03-10 00:00:00,14.3556,24.8607,N
DENSITY (kgm-3),1992-03-10 00:00:00,14.3873,24.8617,N
DENSITY (kgm-3),1992-03-10 00:00:00,14.419,24.8571,N
DENSITY (kgm-3),1992-03-10 00:00:00,14.4507,24.8562,N
DENSITY (kgm-3),1992-03-10 00:00:00,14.4821,24.8586,N
DENSITY (kgm-3),1992-03-10 00:00:00,14.5132,24.8572,N
DENSITY (kgm-3),1992-03-10 00:00:00,14.5442,24.8601,N
DENSITY (kgm-3),1992-03-10 00:00:00,14.575,24.8654,N
DENSITY (kgm-3),1992-03-10 00:00:00,14.6056,24.864,N
DENSITY (kgm-3),1992-03-10 00:00:00,14.6364,24.8622,N
DENSITY (kgm-3),1992-03-10 00:00:00,14.6672,24.8616,N
DENSITY (kgm-3),1992-03-10 00:00:00,14.6982,24.8593,N
DENSITY (kgm-3),1992-03-10 00:00:00,14.7292,24.8599,N
DENSITY (kgm-3),1992-03-10 00:00:00,14.7602,24.8619,N
DENSITY (kgm-3),1992-03-10 00:00:00,14.7912,24.8608,N
DENSITY (kgm-3),1992-03-10 00:00:00,14.8225,24.8563,N
DENSITY (kgm-3),1992-03-10 00:00:00,14.8539,24.8527,N
DENSITY (kgm-3),1992-03-10 00:00:00,14.8854,24.8542,N
DENSITY (kgm-3),1992-03-10 00:00:00,14.9169,24.858,N
DENSITY (kgm-3),1992-03-10 00:00:00,14.9486,24.8578,N
DENSITY (kgm-3),1992-03-10 00:00:00,14.9805,24.8545,N
DENSITY (kgm-3),1992-03-10 00:00:00,15.0127,24.8533,N
DENSITY (kgm-3),1992-03-10 00:00:00,15.0449,24.8551,N
DENSITY (kgm-3),1992-03-10 00:00:00,15.0772,24.8567,N
DENSITY (kgm-3),1992-03-10 00:00:00,15.1098,24.8551,N
DENSITY (kgm-3),1992-03-10 00:00:00,15.1424,24.8527,N
DENSITY (kgm-3),1992-03-10 00:00:00,15.1749,24.8521,N
DENSITY (kgm-3),1992-03-10 00:00:00,15.2073,24.8534,N
DENSITY (kgm-3),1992-03-10 00:00:00,15.2395,24.8571,N
DENSITY (kgm-3),1992-03-10 00:00:00,15.2716,24.8604,N
DENSITY (kgm-3),1992-03-10 00:00:00,15.3035,24.8596,N
DENSITY (kgm-3),1992-03-10 00:00:00,15.3351,24.8577,N
DENSITY (kgm-3),1992-03-10 00:00:00,15.3668,24.8574,N
DENSITY (kgm-3),1992-03-10 00:00:00,15.3984,24.8563,N
DENSITY (kgm-3),1992-03-10 00:00:00,15.4298,24.8556,N
DENSITY (kgm-3),1992-03-10 00:00:00,15.4612,24.8578,N
DENSITY (kgm-3),1992-03-10 00:00:00,15.4926,24.8593,N
DENSITY (kgm-3),1992-03-10 00:00:00,15.5238,24.8572,N
DENSITY (kgm-3),1992-03-10 00:00:00,15.5551,24.8539,N
DENSITY (kgm-3),1992-03-10 00:00:00,15.5863,24.8533,N
DENSITY (kgm-3),1992-03-10 00:00:00,15.6178,24.8561,N
DENSITY (kgm-3),1992-03-10 00:00:00,15.6495,24.8558,N
DENSITY (kgm-3),1992-03-10 00:00:00,15.6814,24.8518,N
DENSITY (kgm-3),1992-03-10 00:00:00,15.7133,24.8525,N
DENSITY (kgm-3),1992-03-10 00:00:00,15.7454,24.8588,N
DENSITY (kgm-3),1992-03-10 00:00:00,15.7775,24.8613,N
DENSITY (kgm-3),1992-03-10 00:00:00,15.8096,24.8583,N
DENSITY (kgm-3),1992-03-10 00:00:00,15.8419,24.8545,N
DENSITY (kgm-3),1992-03-10 00:00:00,15.8741,24.8525,N
DENSITY (kgm-3),1992-03-10 00:00:00,15.9064,24.8513,N
DENSITY (kgm-3),1992-03-10 00:00:00,15.9389,24.8524,N
DENSITY (kgm-3),1992-03-10 00:00:00,15.9715,24.8577,N
DENSITY (kgm-3),1992-03-10 00:00:00,16.0038,24.8605,N
DENSITY (kgm-3),1992-03-10 00:00:00,16.0361,24.8551,N
DENSITY (kgm-3),1992-03-10 00:00:00,16.0683,24.8511,N
DENSITY (kgm-3),1992-03-10 00:00:00,16.1006,24.8563,N
DENSITY (kgm-3),1992-03-10 00:00:00,16.1331,24.8615,N
DENSITY (kgm-3),1992-03-10 00:00:00,16.1658,24.8583,N
DENSITY (kgm-3),1992-03-10 00:00:00,16.1983,24.8557,N
DENSITY (kgm-3),1992-03-10 00:00:00,16.2307,24.859,N
DENSITY (kgm-3),1992-03-10 00:00:00,16.2628,24.8608,N
DENSITY (kgm-3),1992-03-10 00:00:00,16.2947,24.8566,N
DENSITY (kgm-3),1992-03-10 00:00:00,16.3265,24.8533,N
DENSITY (kgm-3),1992-03-10 00:00:00,16.3581,24.8563,N
DENSITY (kgm-3),1992-03-10 00:00:00,16.3895,24.8584,N
DENSITY (kgm-3),1992-03-10 00:00:00,16.4207,24.8527,N
DENSITY (kgm-3),1992-03-10 00:00:00,16.4518,24.8507,N
DENSITY (kgm-3),1992-03-10 00:00:00,16.4826,24.8556,N
DENSITY (kgm-3),1992-03-10 00:00:00,16.513,24.8553,N
DENSITY (kgm-3),1992-03-10 00:00:00,16.5433,24.8518,N
DENSITY (kgm-3),1992-03-10 00:00:00,16.5734,24.8529,N
DENSITY (kgm-3),1992-03-10 00:00:00,16.6033,24.8544,N
DENSITY (kgm-3),1992-03-10 00:00:00,16.6334,24.8564,N
DENSITY (kgm-3),1992-03-10 00:00:00,16.6634,24.8585,N
DENSITY (kgm-3),1992-03-10 00:00:00,16.6935,24.8562,N
DENSITY (kgm-3),1992-03-10 00:00:00,16.7237,24.8545,N
DENSITY (kgm-3),1992-03-10 00:00:00,16.7541,24.8561,N
DENSITY (kgm-3),1992-03-10 00:00:00,16.7847,24.8566,N
DENSITY (kgm-3),1992-03-10 00:00:00,16.8152,24.8569,N
DENSITY (kgm-3),1992-03-10 00:00:00,16.8456,24.8556,N
DENSITY (kgm-3),1992-03-10 00:00:00,16.8761,24.8553,N
DENSITY (kgm-3),1992-03-10 00:00:00,16.9064,24.8613,N
DENSITY (kgm-3),1992-03-10 00:00:00,16.9365,24.8634,N
DENSITY (kgm-3),1992-03-10 00:00:00,16.9664,24.8579,N
DENSITY (kgm-3),1992-03-10 00:00:00,16.9962,24.8545,N
DENSITY (kgm-3),1992-03-10 00:00:00,17.0258,24.8541,N
DENSITY (kgm-3),1992-03-10 00:00:00,17.0555,24.8539,N
DENSITY (kgm-3),1992-03-10 00:00:00,17.0852,24.8538,N
DENSITY (kgm-3),1992-03-10 00:00:00,17.1149,24.8521,N
DENSITY (kgm-3),1992-03-10 00:00:00,17.1445,24.853,N
DENSITY (kgm-3),1992-03-10 00:00:00,17.1742,24.8579,N
DENSITY (kgm-3),1992-03-10 00:00:00,17.2042,24.8591,N
DENSITY (kgm-3),1992-03-10 00:00:00,17.2344,24.8597,N
DENSITY (kgm-3),1992-03-10 00:00:00,17.2648,24.8615,N
DENSITY (kgm-3),1992-03-10 00:00:00,17.2952,24.8577,N
DENSITY (kgm-3),1992-03-10 00:00:00,17.3255,24.8561,N
DENSITY (kgm-3),1992-03-10 00:00:00,17.3559,24.8591,N
DENSITY (kgm-3),1992-03-10 00:00:00,17.3864,24.8564,N
DENSITY (kgm-3),1992-03-10 00:00:00,17.4169,24.8542,N
DENSITY (kgm-3),1992-03-10 00:00:00,17.4476,24.8606,N
DENSITY (kgm-3),1992-03-10 00:00:00,17.4784,24.8632,N
DENSITY (kgm-3),1992-03-10 00:00:00,17.5092,24.8568,N
DENSITY (kgm-3),1992-03-10 00:00:00,17.5398,24.8551,N
DENSITY (kgm-3),1992-03-10 00:00:00,17.5705,24.8621,N
DENSITY (kgm-3),1992-03-10 00:00:00,17.6013,24.8661,N
DENSITY (kgm-3),1992-03-10 00:00:00,17.632,24.8605,N
DENSITY (kgm-3),1992-03-10 00:00:00,17.6628,24.8545,N
DENSITY (kgm-3),1992-03-10 00:00:00,17.6936,24.8542,N
DENSITY (kgm-3),1992-03-10 00:00:00,17.7242,24.854,N
DENSITY (kgm-3),1992-03-10 00:00:00,17.7549,24.8542,N
DENSITY (kgm-3),1992-03-10 00:00:00,17.7855,24.8567,N
DENSITY (kgm-3),1992-03-10 00:00:00,17.8164,24.8561,N
DENSITY (kgm-3),1992-03-10 00:00:00,17.8471,24.8573,N
DENSITY (kgm-3),1992-03-10 00:00:00,17.8779,24.8595,N
DENSITY (kgm-3),1992-03-10 00:00:00,17.9087,24.859,N
DENSITY (kgm-3),1992-03-10 00:00:00,17.9393,24.8596,N
DENSITY (kgm-3),1992-03-10 00:00:00,17.9699,24.8589,N
DENSITY (kgm-3),1992-03-10 00:00:00,18.0002,24.8546,N
DENSITY (kgm-3),1992-03-10 00:00:00,18.0305,24.855,N
DENSITY (kgm-3),1992-03-10 00:00:00,18.0607,24.8584,N
DENSITY (kgm-3),1992-03-10 00:00:00,18.0909,24.8595,N
DENSITY (kgm-3),1992-03-10 00:00:00,18.1208,24.8577,N
DENSITY (kgm-3),1992-03-10 00:00:00,18.1506,24.8557,N
DENSITY (kgm-3),1992-03-10 00:00:00,18.1804,24.8546,N
DENSITY (kgm-3),1992-03-10 00:00:00,18.2102,24.8566,N
DENSITY (kgm-3),1992-03-10 00:00:00,18.2399,24.8613,N
DENSITY (kgm-3),1992-03-10 00:00:00,18.2695,24.8604,N
DENSITY (kgm-3),1992-03-10 00:00:00,18.2991,24.8553,N
DENSITY (kgm-3),1992-03-10 00:00:00,18.3288,24.8533,N
DENSITY (kgm-3),1992-03-10 00:00:00,18.3584,24.8525,N
DENSITY (kgm-3),1992-03-10 00:00:00,18.388,24.8569,N
DENSITY (kgm-3),1992-03-10 00:00:00,18.4177,24.8602,N
DENSITY (kgm-3),1992-03-10 00:00:00,18.4474,24.8549,N
DENSITY (kgm-3),1992-03-10 00:00:00,18.4771,24.8553,N
DENSITY (kgm-3),1992-03-10 00:00:00,18.5068,24.8588,N
DENSITY (kgm-3),1992-03-10 00:00:00,18.5365,24.8529,N
DENSITY (kgm-3),1992-03-10 00:00:00,18.5663,24.8536,N
DENSITY (kgm-3),1992-03-10 00:00:00,18.596,24.8615,N
DENSITY (kgm-3),1992-03-10 00:00:00,18.6257,24.8588,N
DENSITY (kgm-3),1992-03-10 00:00:00,18.6555,24.8562,N
DENSITY (kgm-3),1992-03-10 00:00:00,18.6851,24.8641,N
DENSITY (kgm-3),1992-03-10 00:00:00,18.7147,24.8671,N
DENSITY (kgm-3),1992-03-10 00:00:00,18.7443,24.8618,N
DENSITY (kgm-3),1992-03-10 00:00:00,18.7741,24.8601,N
DENSITY (kgm-3),1992-03-10 00:00:00,18.8037,24.8585,N
DENSITY (kgm-3),1992-03-10 00:00:00,18.8333,24.8561,N
DENSITY (kgm-3),1992-03-10 00:00:00,18.8628,24.8558,N
DENSITY (kgm-3),1992-03-10 00:00:00,18.8924,24.853,N
DENSITY (kgm-3),1992-03-10 00:00:00,18.922,24.8501,N
DENSITY (kgm-3),1992-03-10 00:00:00,18.9516,24.8542,N
DENSITY (kgm-3),1992-03-10 00:00:00,18.9814,24.8591,N
DENSITY (kgm-3),1992-03-10 00:00:00,19.0111,24.8591,N
DENSITY (kgm-3),1992-03-10 00:00:00,19.0409,24.8597,N
DENSITY (kgm-3),1992-03-10 00:00:00,19.0706,24.8579,N
DENSITY (kgm-3),1992-03-10 00:00:00,19.1002,24.8519,N
DENSITY (kgm-3),1992-03-10 00:00:00,19.13,24.8514,N
DENSITY (kgm-3),1992-03-10 00:00:00,19.1603,24.8569,N
DENSITY (kgm-3),1992-03-10 00:00:00,19.1907,24.8593,N
DENSITY (kgm-3),1992-03-10 00:00:00,19.2215,24.8572,N
DENSITY (kgm-3),1992-03-10 00:00:00,19.2524,24.856,N
DENSITY (kgm-3),1992-03-10 00:00:00,19.2835,24.8562,N
DENSITY (kgm-3),1992-03-10 00:00:00,19.3148,24.8557,N
DENSITY (kgm-3),1992-03-10 00:00:00,19.3462,24.8602,N
DENSITY (kgm-3),1992-03-10 00:00:00,19.3776,24.8662,N
DENSITY (kgm-3),1992-03-10 00:00:00,19.4089,24.8629,N
DENSITY (kgm-3),1992-03-10 00:00:00,19.4401,24.8552,N
DENSITY (kgm-3),1992-03-10 00:00:00,19.4712,24.8547,N
DENSITY (kgm-3),1992-03-10 00:00:00,19.5022,24.8594,N
DENSITY (kgm-3),1992-03-10 00:00:00,19.533,24.8607,N
DENSITY (kgm-3),1992-03-10 00:00:00,19.5638,24.8572,N
DENSITY (kgm-3),1992-03-10 00:00:00,19.5946,24.8573,N
DENSITY (kgm-3),1992-03-10 00:00:00,19.6254,24.8649,N
DENSITY (kgm-3),1992-03-10 00:00:00,19.6565,24.8695,N
DENSITY (kgm-3),1992-03-10 00:00:00,19.6876,24.866,N
DENSITY (kgm-3),1992-03-10 00:00:00,19.7189,24.8606,N
DENSITY (kgm-3),1992-03-10 00:00:00,19.7501,24.8591,N
DENSITY (kgm-3),1992-03-10 00:00:00,19.7812,24.8601,N
DENSITY (kgm-3),1992-03-10 00:00:00,19.8121,24.8602,N
DENSITY (kgm-3),1992-03-10 00:00:00,19.8429,24.8575,N
DENSITY (kgm-3),1992-03-10 00:00:00,19.8738,24.856,N
DENSITY (kgm-3),1992-03-10 00:00:00,19.9048,24.8558,N
DENSITY (kgm-3),1992-03-10 00:00:00,19.9358,24.8586,N
DENSITY (kgm-3),1992-03-10 00:00:00,19.9669,24.8652,N
DENSITY (kgm-3),1992-03-10 00:00:00,19.9978,24.8662,N
DENSITY (kgm-3),1992-03-10 00:00:00,20.0287,24.8582,N
DENSITY (kgm-3),1992-03-10 00:00:00,20.0596,24.8564,N
DENSITY (kgm-3),1992-03-10 00:00:00,20.0906,24.8566,N
DENSITY (kgm-3),1992-03-10 00:00:00,20.1216,24.8528,N
DENSITY (kgm-3),1992-03-10 00:00:00,20.1527,24.8575,N
DENSITY (kgm-3),1992-03-10 00:00:00,20.1837,24.8541,N
DENSITY (kgm-3),1992-03-10 00:00:00,20.2146,24.8536,N
DENSITY (kgm-3),1992-03-10 00:00:00,20.2453,24.8771,N
DENSITY (kgm-3),1992-03-11 00:00:00,0.5349,24.9341,N
DENSITY (kgm-3),1992-03-11 00:00:00,0.5356,24.9357,N
DENSITY (kgm-3),1992-03-11 00:00:00,0.5365,24.9401,N
DENSITY (kgm-3),1992-03-11 00:00:00,0.5378,24.9388,N
DENSITY (kgm-3),1992-03-11 00:00:00,0.5393,24.937,N
DENSITY (kgm-3),1992-03-11 00:00:00,0.5411,24.9395,N
DENSITY (kgm-3),1992-03-11 00:00:00,0.5433,24.9384,N
DENSITY (kgm-3),1992-03-11 00:00:00,0.5458,24.9371,N
DENSITY (kgm-3),1992-03-11 00:00:00,0.5485,24.9404,N
DENSITY (kgm-3),1992-03-11 00:00:00,0.5516,24.9398,N
DENSITY (kgm-3),1992-03-11 00:00:00,0.555,24.9363,N
DENSITY (kgm-3),1992-03-11 00:00:00,0.5586,24.9381,N
DENSITY (kgm-3),1992-03-11 00:00:00,0.5625,24.9398,N
DENSITY (kgm-3),1992-03-11 00:00:00,0.5667,24.9366,N
DENSITY (kgm-3),1992-03-11 00:00:00,0.5711,24.9364,N
DENSITY (kgm-3),1992-03-11 00:00:00,0.5758,24.9376,N
DENSITY (kgm-3),1992-03-11 00:00:00,0.5807,24.9363,N
DENSITY (kgm-3),1992-03-11 00:00:00,0.5859,24.937,N
DENSITY (kgm-3),1992-03-11 00:00:00,0.5914,24.9388,N
DENSITY (kgm-3),1992-03-11 00:00:00,0.5973,24.9358,N
DENSITY (kgm-3),1992-03-11 00:00:00,0.6036,24.9341,N
DENSITY (kgm-3),1992-03-11 00:00:00,0.6103,24.9388,N
DENSITY (kgm-3),1992-03-11 00:00:00,0.6175,24.9409,N
DENSITY (kgm-3),1992-03-11 00:00:00,0.6252,24.9371,N
DENSITY (kgm-3),1992-03-11 00:00:00,0.6333,24.9376,N
DENSITY (kgm-3),1992-03-11 00:00:00,0.6419,24.9397,N
DENSITY (kgm-3),1992-03-11 00:00:00,0.6509,24.9373,N
DENSITY (kgm-3),1992-03-11 00:00:00,0.6602,24.9392,N
DENSITY (kgm-3),1992-03-11 00:00:00,0.6698,24.9408,N
DENSITY (kgm-3),1992-03-11 00:00:00,0.6797,24.9369,N
DENSITY (kgm-3),1992-03-11 00:00:00,0.6898,24.9379,N
DENSITY (kgm-3),1992-03-11 00:00:00,0.7,24.9399,N
DENSITY (kgm-3),1992-03-11 00:00:00,0.7103,24.937,N
DENSITY (kgm-3),1992-03-11 00:00:00,0.7206,24.9376,N
DENSITY (kgm-3),1992-03-11 00:00:00,0.7308,24.9391,N
DENSITY (kgm-3),1992-03-11 00:00:00,0.7411,24.937,N
DENSITY (kgm-3),1992-03-11 00:00:00,0.7513,24.9373,N
DENSITY (kgm-3),1992-03-11 00:00:00,0.7614,24.9365,N
DENSITY (kgm-3),1992-03-11 00:00:00,0.7716,24.9351,N
DENSITY (kgm-3),1992-03-11 00:00:00,0.7818,24.9376,N
DENSITY (kgm-3),1992-03-11 00:00:00,0.792,24.9379,N
DENSITY (kgm-3),1992-03-11 00:00:00,0.8023,24.937,N
DENSITY (kgm-3),1992-03-11 00:00:00,0.8128,24.9381,N
DENSITY (kgm-3),1992-03-11 00:00:00,0.8233,24.9376,N
DENSITY (kgm-3),1992-03-11 00:00:00,0.8341,24.9377,N
DENSITY (kgm-3),1992-03-11 00:00:00,0.845,24.9395,N
DENSITY (kgm-3),1992-03-11 00:00:00,0.8561,24.9381,N
DENSITY (kgm-3),1992-03-11 00:00:00,0.8675,24.9382,N
DENSITY (kgm-3),1992-03-11 00:00:00,0.8791,24.9406,N
DENSITY (kgm-3),1992-03-11 00:00:00,0.891,24.9387,N
DENSITY (kgm-3),1992-03-11 00:00:00,0.9032,24.9385,N
DENSITY (kgm-3),1992-03-11 00:00:00,0.9155,24.9404,N
DENSITY (kgm-3),1992-03-11 00:00:00,0.9281,24.9404,N
DENSITY (kgm-3),1992-03-11 00:00:00,0.941,24.9384,N
DENSITY (kgm-3),1992-03-11 00:00:00,0.9541,24.9359,N
DENSITY (kgm-3),1992-03-11 00:00:00,0.9676,24.9377,N
DENSITY (kgm-3),1992-03-11 00:00:00,0.9813,24.9431,N
DENSITY (kgm-3),1992-03-11 00:00:00,0.9954,24.9408,N
DENSITY (kgm-3),1992-03-11 00:00:00,1.0098,24.9364,N
DENSITY (kgm-3),1992-03-11 00:00:00,1.0246,24.9379,N
DENSITY (kgm-3),1992-03-11 00:00:00,1.0396,24.9396,N
DENSITY (kgm-3),1992-03-11 00:00:00,1.0551,24.9395,N
DENSITY (kgm-3),1992-03-11 00:00:00,1.0709,24.9387,N
DENSITY (kgm-3),1992-03-11 00:00:00,1.0872,24.9371,N
DENSITY (kgm-3),1992-03-11 00:00:00,1.1038,24.9368,N
DENSITY (kgm-3),1992-03-11 00:00:00,1.1209,24.9373,N
DENSITY (kgm-3),1992-03-11 00:00:00,1.1385,24.9392,N
DENSITY (kgm-3),1992-03-11 00:00:00,1.1565,24.9398,N
DENSITY (kgm-3),1992-03-11 00:00:00,1.1749,24.9364,N
DENSITY (kgm-3),1992-03-11 00:00:00,1.1937,24.9382,N
DENSITY (kgm-3),1992-03-11 00:00:00,1.2128,24.942,N
DENSITY (kgm-3),1992-03-11 00:00:00,1.2322,24.9395,N
DENSITY (kgm-3),1992-03-11 00:00:00,1.2518,24.9379,N
DENSITY (kgm-3),1992-03-11 00:00:00,1.2717,24.9396,N
DENSITY (kgm-3),1992-03-11 00:00:00,1.2917,24.9402,N
DENSITY (kgm-3),1992-03-11 00:00:00,1.3119,24.9406,N
DENSITY (kgm-3),1992-03-11 00:00:00,1.3324,24.9376,N
DENSITY (kgm-3),1992-03-11 00:00:00,1.3531,24.936,N
DENSITY (kgm-3),1992-03-11 00:00:00,1.374,24.9387,N
DENSITY (kgm-3),1992-03-11 00:00:00,1.3952,24.9381,N
DENSITY (kgm-3),1992-03-11 00:00:00,1.4167,24.9364,N
DENSITY (kgm-3),1992-03-11 00:00:00,1.4385,24.9373,N
DENSITY (kgm-3),1992-03-11 00:00:00,1.4605,24.9374,N
DENSITY (kgm-3),1992-03-11 00:00:00,1.4827,24.9374,N
DENSITY (kgm-3),1992-03-11 00:00:00,1.5052,24.9395,N
DENSITY (kgm-3),1992-03-11 00:00:00,1.5278,24.9399,N
DENSITY (kgm-3),1992-03-11 00:00:00,1.5507,24.9376,N
DENSITY (kgm-3),1992-03-11 00:00:00,1.574,24.938,N
DENSITY (kgm-3),1992-03-11 00:00:00,1.5975,24.9409,N
DENSITY (kgm-3),1992-03-11 00:00:00,1.6212,24.9401,N
DENSITY (kgm-3),1992-03-11 00:00:00,1.645,24.9363,N
DENSITY (kgm-3),1992-03-11 00:00:00,1.669,24.9357,N
DENSITY (kgm-3),1992-03-11 00:00:00,1.693,24.9354,N
DENSITY (kgm-3),1992-03-11 00:00:00,1.7171,24.9354,N
DENSITY (kgm-3),1992-03-11 00:00:00,1.7413,24.9397,N
DENSITY (kgm-3),1992-03-11 00:00:00,1.7657,24.9395,N
DENSITY (kgm-3),1992-03-11 00:00:00,1.7902,24.9355,N
DENSITY (kgm-3),1992-03-11 00:00:00,1.8147,24.9377,N
DENSITY (kgm-3),1992-03-11 00:00:00,1.8393,24.9386,N
DENSITY (kgm-3),1992-03-11 00:00:00,1.8639,24.9331,N
DENSITY (kgm-3),1992-03-11 00:00:00,1.8886,24.9334,N
DENSITY (kgm-3),1992-03-11 00:00:00,1.9134,24.9369,N
DENSITY (kgm-3),1992-03-11 00:00:00,1.9382,24.9337,N
DENSITY (kgm-3),1992-03-11 00:00:00,1.9628,24.9314,N
DENSITY (kgm-3),1992-03-11 00:00:00,1.9874,24.9349,N
DENSITY (kgm-3),1992-03-11 00:00:00,2.0118,24.9348,N
DENSITY (kgm-3),1992-03-11 00:00:00,2.0362,24.932,N
DENSITY (kgm-3),1992-03-11 00:00:00,2.0607,24.9357,N
DENSITY (kgm-3),1992-03-11 00:00:00,2.0854,24.9414,N
DENSITY (kgm-3),1992-03-11 00:00:00,2.1101,24.9384,N
DENSITY (kgm-3),1992-03-11 00:00:00,2.135,24.9315,N
DENSITY (kgm-3),1992-03-11 00:00:00,2.1602,24.9331,N
DENSITY (kgm-3),1992-03-11 00:00:00,2.1855,24.9357,N
DENSITY (kgm-3),1992-03-11 00:00:00,2.2109,24.9332,N
DENSITY (kgm-3),1992-03-11 00:00:00,2.2365,24.9373,N
DENSITY (kgm-3),1992-03-11 00:00:00,2.2622,24.9437,N
DENSITY (kgm-3),1992-03-11 00:00:00,2.2879,24.9415,N
DENSITY (kgm-3),1992-03-11 00:00:00,2.3134,24.9395,N
DENSITY (kgm-3),1992-03-11 00:00:00,2.3391,24.9425,N
DENSITY (kgm-3),1992-03-11 00:00:00,2.3648,24.9413,N
DENSITY (kgm-3),1992-03-11 00:00:00,2.3906,24.9362,N
DENSITY (kgm-3),1992-03-11 00:00:00,2.4166,24.9376,N
DENSITY (kgm-3),1992-03-11 00:00:00,2.4426,24.9413,N
DENSITY (kgm-3),1992-03-11 00:00:00,2.4685,24.9396,N
DENSITY (kgm-3),1992-03-11 00:00:00,2.4942,24.937,N
DENSITY (kgm-3),1992-03-11 00:00:00,2.5198,24.936,N
DENSITY (kgm-3),1992-03-11 00:00:00,2.5452,24.9321,N
DENSITY (kgm-3),1992-03-11 00:00:00,2.5706,24.9299,N
DENSITY (kgm-3),1992-03-11 00:00:00,2.596,24.9332,N
DENSITY (kgm-3),1992-03-11 00:00:00,2.6213,24.9371,N
DENSITY (kgm-3),1992-03-11 00:00:00,2.6468,24.9399,N
DENSITY (kgm-3),1992-03-11 00:00:00,2.6723,24.9382,N
DENSITY (kgm-3),1992-03-11 00:00:00,2.6977,24.9332,N
DENSITY (kgm-3),1992-03-11 00:00:00,2.723,24.9347,N
DENSITY (kgm-3),1992-03-11 00:00:00,2.7483,24.9401,N
DENSITY (kgm-3),1992-03-11 00:00:00,2.7733,24.9404,N
DENSITY (kgm-3),1992-03-11 00:00:00,2.7984,24.9395,N
DENSITY (kgm-3),1992-03-11 00:00:00,2.8233,24.9403,N
DENSITY (kgm-3),1992-03-11 00:00:00,2.8479,24.9386,N
DENSITY (kgm-3),1992-03-11 00:00:00,2.8724,24.9369,N
DENSITY (kgm-3),1992-03-11 00:00:00,2.8968,24.9401,N
DENSITY (kgm-3),1992-03-11 00:00:00,2.921,24.9409,N
DENSITY (kgm-3),1992-03-11 00:00:00,2.9452,24.9365,N
DENSITY (kgm-3),1992-03-11 00:00:00,2.9692,24.9355,N
DENSITY (kgm-3),1992-03-11 00:00:00,2.9932,24.9401,N
DENSITY (kgm-3),1992-03-11 00:00:00,3.0172,24.9399,N
DENSITY (kgm-3),1992-03-11 00:00:00,3.0412,24.9343,N
DENSITY (kgm-3),1992-03-11 00:00:00,3.0653,24.9319,N
DENSITY (kgm-3),1992-03-11 00:00:00,3.0893,24.9331,N
DENSITY (kgm-3),1992-03-11 00:00:00,3.1134,24.9331,N
DENSITY (kgm-3),1992-03-11 00:00:00,3.1375,24.9332,N
DENSITY (kgm-3),1992-03-11 00:00:00,3.1617,24.9325,N
DENSITY (kgm-3),1992-03-11 00:00:00,3.186,24.9309,N
DENSITY (kgm-3),1992-03-11 00:00:00,3.2104,24.9348,N
DENSITY (kgm-3),1992-03-11 00:00:00,3.2348,24.9395,N
DENSITY (kgm-3),1992-03-11 00:00:00,3.2593,24.9388,N
DENSITY (kgm-3),1992-03-11 00:00:00,3.2838,24.9392,N
DENSITY (kgm-3),1992-03-11 00:00:00,3.3084,24.9425,N
DENSITY (kgm-3),1992-03-11 00:00:00,3.333,24.9418,N
DENSITY (kgm-3),1992-03-11 00:00:00,3.3575,24.938,N
DENSITY (kgm-3),1992-03-11 00:00:00,3.3819,24.9359,N
DENSITY (kgm-3),1992-03-11 00:00:00,3.406,24.9349,N
DENSITY (kgm-3),1992-03-11 00:00:00,3.43,24.9332,N
DENSITY (kgm-3),1992-03-11 00:00:00,3.4538,24.9326,N
DENSITY (kgm-3),1992-03-11 00:00:00,3.4775,24.9352,N
DENSITY (kgm-3),1992-03-11 00:00:00,3.5012,24.9386,N
DENSITY (kgm-3),1992-03-11 00:00:00,3.5247,24.9406,N
DENSITY (kgm-3),1992-03-11 00:00:00,3.5482,24.9416,N
DENSITY (kgm-3),1992-03-11 00:00:00,3.5716,24.9377,N
DENSITY (kgm-3),1992-03-11 00:00:00,3.5949,24.9307,N
DENSITY (kgm-3),1992-03-11 00:00:00,3.6183,24.9292,N
DENSITY (kgm-3),1992-03-11 00:00:00,3.6419,24.9321,N
DENSITY (kgm-3),1992-03-11 00:00:00,3.6657,24.9321,N
DENSITY (kgm-3),1992-03-11 00:00:00,3.6897,24.9287,N
DENSITY (kgm-3),1992-03-11 00:00:00,3.714,24.9288,N
DENSITY (kgm-3),1992-03-11 00:00:00,3.7383,24.9353,N
DENSITY (kgm-3),1992-03-11 00:00:00,3.7629,24.9374,N
DENSITY (kgm-3),1992-03-11 00:00:00,3.7876,24.9352,N
DENSITY (kgm-3),1992-03-11 00:00:00,3.8126,24.9384,N
DENSITY (kgm-3),1992-03-11 00:00:00,3.8377,24.9379,N
DENSITY (kgm-3),1992-03-11 00:00:00,3.863,24.9312,N
DENSITY (kgm-3),1992-03-11 00:00:00,3.8885,24.9312,N
DENSITY (kgm-3),1992-03-11 00:00:00,3.9143,24.933,N
DENSITY (kgm-3),1992-03-11 00:00:00,3.9403,24.9303,N
DENSITY (kgm-3),1992-03-11 00:00:00,3.9664,24.928,N
DENSITY (kgm-3),1992-03-11 00:00:00,3.9927,24.9275,N
DENSITY (kgm-3),1992-03-11 00:00:00,4.0192,24.9268,N
DENSITY (kgm-3),1992-03-11 00:00:00,4.0458,24.9255,N
DENSITY (kgm-3),1992-03-11 00:00:00,4.0725,24.9271,N
DENSITY (kgm-3),1992-03-11 00:00:00,4.0994,24.9304,N
DENSITY (kgm-3),1992-03-11 00:00:00,4.1263,24.9283,N
DENSITY (kgm-3),1992-03-11 00:00:00,4.1534,24.9271,N
DENSITY (kgm-3),1992-03-11 00:00:00,4.1805,24.9307,N
DENSITY (kgm-3),1992-03-11 00:00:00,4.2077,24.9297,N
DENSITY (kgm-3),1992-03-11 00:00:00,4.2348,24.9301,N
DENSITY (kgm-3),1992-03-11 00:00:00,4.262,24.942,N
DENSITY (kgm-3),1992-03-11 00:00:00,4.2891,24.9513,N
DENSITY (kgm-3),1992-03-11 00:00:00,4.3162,24.9445,N
DENSITY (kgm-3),1992-03-11 00:00:00,4.343,24.9362,N
DENSITY (kgm-3),1992-03-11 00:00:00,4.3698,24.9386,N
DENSITY (kgm-3),1992-03-11 00:00:00,4.3965,24.9402,N
DENSITY (kgm-3),1992-03-11 00:00:00,4.4233,24.9318,N
DENSITY (kgm-3),1992-03-11 00:00:00,4.4499,24.928,N
DENSITY (kgm-3),1992-03-11 00:00:00,4.4763,24.9351,N
DENSITY (kgm-3),1992-03-11 00:00:00,4.5028,24.9363,N
DENSITY (kgm-3),1992-03-11 00:00:00,4.5293,24.9299,N
DENSITY (kgm-3),1992-03-11 00:00:00,4.5559,24.9302,N
DENSITY (kgm-3),1992-03-11 00:00:00,4.5827,24.9334,N
DENSITY (kgm-3),1992-03-11 00:00:00,4.6096,24.9308,N
DENSITY (kgm-3),1992-03-11 00:00:00,4.6367,24.9314,N
DENSITY (kgm-3),1992-03-11 00:00:00,4.6639,24.9404,N
DENSITY (kgm-3),1992-03-11 00:00:00,4.6911,24.9442,N
DENSITY (kgm-3),1992-03-11 00:00:00,4.7183,24.9374,N
DENSITY (kgm-3),1992-03-11 00:00:00,4.7456,24.9338,N
DENSITY (kgm-3),1992-03-11 00:00:00,4.7727,24.9354,N
DENSITY (kgm-3),1992-03-11 00:00:00,4.7999,24.9342,N
DENSITY (kgm-3),1992-03-11 00:00:00,4.8271,24.9352,N
DENSITY (kgm-3),1992-03-11 00:00:00,4.8541,24.9379,N
DENSITY (kgm-3),1992-03-11 00:00:00,4.881,24.9374,N
DENSITY (kgm-3),1992-03-11 00:00:00,4.9079,24.9376,N
DENSITY (kgm-3),1992-03-11 00:00:00,4.9346,24.9381,N
DENSITY (kgm-3),1992-03-11 00:00:00,4.9612,24.936,N
DENSITY (kgm-3),1992-03-11 00:00:00,4.9877,24.936,N
DENSITY (kgm-3),1992-03-11 00:00:00,5.0143,24.9373,N
DENSITY (kgm-3),1992-03-11 00:00:00,5.0409,24.9355,N
DENSITY (kgm-3),1992-03-11 00:00:00,5.0676,24.9335,N
DENSITY (kgm-3),1992-03-11 00:00:00,5.0944,24.9327,N
DENSITY (kgm-3),1992-03-11 00:00:00,5.1213,24.9305,N
DENSITY (kgm-3),1992-03-11 00:00:00,5.1482,24.9283,N
DENSITY (kgm-3),1992-03-11 00:00:00,5.1753,24.9296,N
DENSITY (kgm-3),1992-03-11 00:00:00,5.2024,24.9331,N
DENSITY (kgm-3),1992-03-11 00:00:00,5.2297,24.9347,N
DENSITY (kgm-3),1992-03-11 00:00:00,5.2569,24.9337,N
DENSITY (kgm-3),1992-03-11 00:00:00,5.2843,24.9309,N
DENSITY (kgm-3),1992-03-11 00:00:00,5.3118,24.9315,N
DENSITY (kgm-3),1992-03-11 00:00:00,5.3395,24.9368,N
DENSITY (kgm-3),1992-03-11 00:00:00,5.3673,24.9359,N
DENSITY (kgm-3),1992-03-11 00:00:00,5.3954,24.9325,N
DENSITY (kgm-3),1992-03-11 00:00:00,5.4235,24.9363,N
DENSITY (kgm-3),1992-03-11 00:00:00,5.4516,24.9385,N
DENSITY (kgm-3),1992-03-11 00:00:00,5.4799,24.9335,N
DENSITY (kgm-3),1992-03-11 00:00:00,5.5083,24.9301,N
DENSITY (kgm-3),1992-03-11 00:00:00,5.5372,24.9287,N
DENSITY (kgm-3),1992-03-11 00:00:00,5.5659,24.9283,N
DENSITY (kgm-3),1992-03-11 00:00:00,5.5949,24.9302,N
DENSITY (kgm-3),1992-03-11 00:00:00,5.6239,24.9288,N
DENSITY (kgm-3),1992-03-11 00:00:00,5.653,24.9255,N
DENSITY (kgm-3),1992-03-11 00:00:00,5.6822,24.9292,N
DENSITY (kgm-3),1992-03-11 00:00:00,5.7117,24.9332,N
DENSITY (kgm-3),1992-03-11 00:00:00,5.7413,24.9324,N
DENSITY (kgm-3),1992-03-11 00:00:00,5.771,24.9337,N
DENSITY (kgm-3),1992-03-11 00:00:00,5.8009,24.933,N
DENSITY (kgm-3),1992-03-11 00:00:00,5.8308,24.9303,N
DENSITY (kgm-3),1992-03-11 00:00:00,5.8608,24.9325,N
DENSITY (kgm-3),1992-03-11 00:00:00,5.8908,24.9325,N
DENSITY (kgm-3),1992-03-11 00:00:00,5.9206,24.9321,N
DENSITY (kgm-3),1992-03-11 00:00:00,5.9505,24.937,N
DENSITY (kgm-3),1992-03-11 00:00:00,5.9806,24.9376,N
DENSITY (kgm-3),1992-03-11 00:00:00,6.0107,24.9353,N
DENSITY (kgm-3),1992-03-11 00:00:00,6.0411,24.9376,N
DENSITY (kgm-3),1992-03-11 00:00:00,6.0716,24.9398,N
DENSITY (kgm-3),1992-03-11 00:00:00,6.1022,24.9406,N
DENSITY (kgm-3),1992-03-11 00:00:00,6.1328,24.9399,N
DENSITY (kgm-3),1992-03-11 00:00:00,6.1635,24.9385,N
DENSITY (kgm-3),1992-03-11 00:00:00,6.1942,24.9388,N
DENSITY (kgm-3),1992-03-11 00:00:00,6.2251,24.9387,N
DENSITY (kgm-3),1992-03-11 00:00:00,6.2559,24.937,N
DENSITY (kgm-3),1992-03-11 00:00:00,6.2869,24.934,N
DENSITY (kgm-3),1992-03-11 00:00:00,6.3179,24.9343,N
DENSITY (kgm-3),1992-03-11 00:00:00,6.3489,24.9413,N
DENSITY (kgm-3),1992-03-11 00:00:00,6.3798,24.9414,N
DENSITY (kgm-3),1992-03-11 00:00:00,6.4108,24.9324,N
DENSITY (kgm-3),1992-03-11 00:00:00,6.4416,24.9309,N
DENSITY (kgm-3),1992-03-11 00:00:00,6.4724,24.933,N
DENSITY (kgm-3),1992-03-11 00:00:00,6.5029,24.9307,N
DENSITY (kgm-3),1992-03-11 00:00:00,6.5335,24.9341,N
DENSITY (kgm-3),1992-03-11 00:00:00,6.5642,24.9366,N
DENSITY (kgm-3),1992-03-11 00:00:00,6.595,24.9291,N
DENSITY (kgm-3),1992-03-11 00:00:00,6.6257,24.9275,N
DENSITY (kgm-3),1992-03-11 00:00:00,6.6564,24.9337,N
DENSITY (kgm-3),1992-03-11 00:00:00,6.6872,24.9341,N
DENSITY (kgm-3),1992-03-11 00:00:00,6.718,24.933,N
DENSITY (kgm-3),1992-03-11 00:00:00,6.7488,24.9347,N
DENSITY (kgm-3),1992-03-11 00:00:00,6.7798,24.934,N
DENSITY (kgm-3),1992-03-11 00:00:00,6.8108,24.9321,N
DENSITY (kgm-3),1992-03-11 00:00:00,6.8421,24.9353,N
DENSITY (kgm-3),1992-03-11 00:00:00,6.8732,24.939,N
DENSITY (kgm-3),1992-03-11 00:00:00,6.9044,24.9364,N
DENSITY (kgm-3),1992-03-11 00:00:00,6.9355,24.9327,N
DENSITY (kgm-3),1992-03-11 00:00:00,6.9667,24.9331,N
DENSITY (kgm-3),1992-03-11 00:00:00,6.9978,24.9344,N
DENSITY (kgm-3),1992-03-11 00:00:00,7.0289,24.9336,N
DENSITY (kgm-3),1992-03-11 00:00:00,7.0599,24.9343,N
DENSITY (kgm-3),1992-03-11 00:00:00,7.0909,24.938,N
DENSITY (kgm-3),1992-03-11 00:00:00,7.1217,24.9384,N
DENSITY (kgm-3),1992-03-11 00:00:00,7.1524,24.9344,N
DENSITY (kgm-3),1992-03-11 00:00:00,7.1828,24.9353,N
DENSITY (kgm-3),1992-03-11 00:00:00,7.2131,24.9385,N
DENSITY (kgm-3),1992-03-11 00:00:00,7.2432,24.9351,N
DENSITY (kgm-3),1992-03-11 00:00:00,7.2732,24.9319,N
DENSITY (kgm-3),1992-03-11 00:00:00,7.3031,24.9366,N
DENSITY (kgm-3),1992-03-11 00:00:00,7.333,24.9388,N
DENSITY (kgm-3),1992-03-11 00:00:00,7.3629,24.9316,N
DENSITY (kgm-3),1992-03-11 00:00:00,7.393,24.929,N
DENSITY (kgm-3),1992-03-11 00:00:00,7.4232,24.9347,N
DENSITY (kgm-3),1992-03-11 00:00:00,7.4535,24.9352,N
DENSITY (kgm-3),1992-03-11 00:00:00,7.4839,24.9347,N
DENSITY (kgm-3),1992-03-11 00:00:00,7.5143,24.9393,N
DENSITY (kgm-3),1992-03-11 00:00:00,7.5449,24.9375,N
DENSITY (kgm-3),1992-03-11 00:00:00,7.5755,24.9319,N
DENSITY (kgm-3),1992-03-11 00:00:00,7.6061,24.932,N
DENSITY (kgm-3),1992-03-11 00:00:00,7.6368,24.9332,N
DENSITY (kgm-3),1992-03-11 00:00:00,7.6675,24.9336,N
DENSITY (kgm-3),1992-03-11 00:00:00,7.6982,24.9355,N
DENSITY (kgm-3),1992-03-11 00:00:00,7.729,24.9376,N
DENSITY (kgm-3),1992-03-11 00:00:00,7.76,24.9407,N
DENSITY (kgm-3),1992-03-11 00:00:00,7.7911,24.9416,N
DENSITY (kgm-3),1992-03-11 00:00:00,7.8223,24.9397,N
DENSITY (kgm-3),1992-03-11 00:00:00,7.8536,24.938,N
DENSITY (kgm-3),1992-03-11 00:00:00,7.885,24.9377,N
DENSITY (kgm-3),1992-03-11 00:00:00,7.9164,24.9375,N
DENSITY (kgm-3),1992-03-11 00:00:00,7.9479,24.9355,N
DENSITY (kgm-3),1992-03-11 00:00:00,7.9795,24.9331,N
DENSITY (kgm-3),1992-03-11 00:00:00,8.011,24.9342,N
DENSITY (kgm-3),1992-03-11 00:00:00,8.0426,24.9344,N
DENSITY (kgm-3),1992-03-11 00:00:00,8.0742,24.9315,N
DENSITY (kgm-3),1992-03-11 00:00:00,8.106,24.9331,N
DENSITY (kgm-3),1992-03-11 00:00:00,8.1379,24.9359,N
DENSITY (kgm-3),1992-03-11 00:00:00,8.1699,24.9346,N
DENSITY (kgm-3),1992-03-11 00:00:00,8.2021,24.9353,N
DENSITY (kgm-3),1992-03-11 00:00:00,8.2344,24.9374,N
DENSITY (kgm-3),1992-03-11 00:00:00,8.2668,24.9363,N
DENSITY (kgm-3),1992-03-11 00:00:00,8.2991,24.934,N
DENSITY (kgm-3),1992-03-11 00:00:00,8.3315,24.9299,N
DENSITY (kgm-3),1992-03-11 00:00:00,8.3639,24.9272,N
DENSITY (kgm-3),1992-03-11 00:00:00,8.3964,24.9288,N
DENSITY (kgm-3),1992-03-11 00:00:00,8.4289,24.9308,N
DENSITY (kgm-3),1992-03-11 00:00:00,8.4615,24.9329,N
DENSITY (kgm-3),1992-03-11 00:00:00,8.4941,24.933,N
DENSITY (kgm-3),1992-03-11 00:00:00,8.5267,24.9299,N
DENSITY (kgm-3),1992-03-11 00:00:00,8.5593,24.9307,N
DENSITY (kgm-3),1992-03-11 00:00:00,8.5919,24.9318,N
DENSITY (kgm-3),1992-03-11 00:00:00,8.6244,24.9291,N
DENSITY (kgm-3),1992-03-11 00:00:00,8.6569,24.9307,N
DENSITY (kgm-3),1992-03-11 00:00:00,8.6895,24.9357,N
DENSITY (kgm-3),1992-03-11 00:00:00,8.7221,24.9362,N
DENSITY (kgm-3),1992-03-11 00:00:00,8.7546,24.9329,N
DENSITY (kgm-3),1992-03-11 00:00:00,8.787,24.9327,N
DENSITY (kgm-3),1992-03-11 00:00:00,8.8195,24.9331,N
DENSITY (kgm-3),1992-03-11 00:00:00,8.852,24.9309,N
DENSITY (kgm-3),1992-03-11 00:00:00,8.8845,24.9336,N
DENSITY (kgm-3),1992-03-11 00:00:00,8.917,24.9371,N
DENSITY (kgm-3),1992-03-11 00:00:00,8.9494,24.9314,N
DENSITY (kgm-3),1992-03-11 00:00:00,8.9819,24.9277,N
DENSITY (kgm-3),1992-03-11 00:00:00,9.0143,24.9312,N
DENSITY (kgm-3),1992-03-11 00:00:00,9.0467,24.9312,N
DENSITY (kgm-3),1992-03-11 00:00:00,9.0791,24.9304,N
DENSITY (kgm-3),1992-03-11 00:00:00,9.1117,24.9335,N
DENSITY (kgm-3),1992-03-11 00:00:00,9.1444,24.9346,N
DENSITY (kgm-3),1992-03-11 00:00:00,9.1775,24.9347,N
DENSITY (kgm-3),1992-03-11 00:00:00,9.2108,24.9355,N
DENSITY (kgm-3),1992-03-11 00:00:00,9.2443,24.9346,N
DENSITY (kgm-3),1992-03-11 00:00:00,9.2779,24.9343,N
DENSITY (kgm-3),1992-03-11 00:00:00,9.3114,24.9359,N
DENSITY (kgm-3),1992-03-11 00:00:00,9.3448,24.9363,N
DENSITY (kgm-3),1992-03-11 00:00:00,9.3783,24.9316,N
DENSITY (kgm-3),1992-03-11 00:00:00,9.4116,24.9271,N
DENSITY (kgm-3),1992-03-11 00:00:00,9.4449,24.9341,N
DENSITY (kgm-3),1992-03-11 00:00:00,9.4781,24.9412,N
DENSITY (kgm-3),1992-03-11 00:00:00,9.5109,24.9358,N
DENSITY (kgm-3),1992-03-11 00:00:00,9.5437,24.9324,N
DENSITY (kgm-3),1992-03-11 00:00:00,9.5763,24.937,N
DENSITY (kgm-3),1992-03-11 00:00:00,9.6086,24.9369,N
DENSITY (kgm-3),1992-03-11 00:00:00,9.6409,24.9346,N
DENSITY (kgm-3),1992-03-11 00:00:00,9.6731,24.936,N
DENSITY (kgm-3),1992-03-11 00:00:00,9.7054,24.9357,N
DENSITY (kgm-3),1992-03-11 00:00:00,9.7376,24.9352,N
DENSITY (kgm-3),1992-03-11 00:00:00,9.7698,24.9362,N
DENSITY (kgm-3),1992-03-11 00:00:00,9.802,24.934,N
DENSITY (kgm-3),1992-03-11 00:00:00,9.8342,24.9329,N
DENSITY (kgm-3),1992-03-11 00:00:00,9.8665,24.9348,N
DENSITY (kgm-3),1992-03-11 00:00:00,9.8989,24.9342,N
DENSITY (kgm-3),1992-03-11 00:00:00,9.9313,24.9315,N
DENSITY (kgm-3),1992-03-11 00:00:00,9.9637,24.9316,N
DENSITY (kgm-3),1992-03-11 00:00:00,9.9962,24.9348,N
DENSITY (kgm-3),1992-03-11 00:00:00,10.0288,24.9358,N
DENSITY (kgm-3),1992-03-11 00:00:00,10.0614,24.9327,N
DENSITY (kgm-3),1992-03-11 00:00:00,10.0939,24.9307,N
DENSITY (kgm-3),1992-03-11 00:00:00,10.1264,24.932,N
DENSITY (kgm-3),1992-03-11 00:00:00,10.1591,24.9344,N
DENSITY (kgm-3),1992-03-11 00:00:00,10.1918,24.9336,N
DENSITY (kgm-3),1992-03-11 00:00:00,10.2246,24.9303,N
DENSITY (kgm-3),1992-03-11 00:00:00,10.2573,24.9308,N
DENSITY (kgm-3),1992-03-11 00:00:00,10.2901,24.9342,N
DENSITY (kgm-3),1992-03-11 00:00:00,10.323,24.9336,N
DENSITY (kgm-3),1992-03-11 00:00:00,10.3558,24.9301,N
DENSITY (kgm-3),1992-03-11 00:00:00,10.3886,24.9288,N
DENSITY (kgm-3),1992-03-11 00:00:00,10.4214,24.9302,N
DENSITY (kgm-3),1992-03-11 00:00:00,10.4541,24.929,N
DENSITY (kgm-3),1992-03-11 00:00:00,10.487,24.9283,N
DENSITY (kgm-3),1992-03-11 00:00:00,10.5196,24.9309,N
DENSITY (kgm-3),1992-03-11 00:00:00,10.5524,24.9332,N
DENSITY (kgm-3),1992-03-11 00:00:00,10.5853,24.9344,N
DENSITY (kgm-3),1992-03-11 00:00:00,10.6183,24.9358,N
DENSITY (kgm-3),1992-03-11 00:00:00,10.6513,24.9365,N
DENSITY (kgm-3),1992-03-11 00:00:00,10.6844,24.9336,N
DENSITY (kgm-3),1992-03-11 00:00:00,10.7174,24.9287,N
DENSITY (kgm-3),1992-03-11 00:00:00,10.7504,24.9288,N
DENSITY (kgm-3),1992-03-11 00:00:00,10.7833,24.931,N
DENSITY (kgm-3),1992-03-11 00:00:00,10.8162,24.9296,N
DENSITY (kgm-3),1992-03-11 00:00:00,10.8491,24.9303,N
DENSITY (kgm-3),1992-03-11 00:00:00,10.8819,24.9343,N
DENSITY (kgm-3),1992-03-11 00:00:00,10.9146,24.9352,N
DENSITY (kgm-3),1992-03-11 00:00:00,10.947,24.9343,N
DENSITY (kgm-3),1992-03-11 00:00:00,10.9795,24.9355,N
DENSITY (kgm-3),1992-03-11 00:00:00,11.012,24.9342,N
DENSITY (kgm-3),1992-03-11 00:00:00,11.0444,24.9285,N
DENSITY (kgm-3),1992-03-11 00:00:00,11.0768,24.9259,N
DENSITY (kgm-3),1992-03-11 00:00:00,11.1091,24.9287,N
DENSITY (kgm-3),1992-03-11 00:00:00,11.1414,24.9305,N
DENSITY (kgm-3),1992-03-11 00:00:00,11.1735,24.9301,N
DENSITY (kgm-3),1992-03-11 00:00:00,11.2057,24.9302,N
DENSITY (kgm-3),1992-03-11 00:00:00,11.238,24.9297,N
DENSITY (kgm-3),1992-03-11 00:00:00,11.2703,24.9324,N
DENSITY (kgm-3),1992-03-11 00:00:00,11.3027,24.9379,N
DENSITY (kgm-3),1992-03-11 00:00:00,11.3351,24.9349,N
DENSITY (kgm-3),1992-03-11 00:00:00,11.3674,24.9279,N
DENSITY (kgm-3),1992-03-11 00:00:00,11.3997,24.9296,N
DENSITY (kgm-3),1992-03-11 00:00:00,11.4319,24.9344,N
DENSITY (kgm-3),1992-03-11 00:00:00,11.4643,24.9336,N
DENSITY (kgm-3),1992-03-11 00:00:00,11.4966,24.9302,N
DENSITY (kgm-3),1992-03-11 00:00:00,11.5288,24.9323,N
DENSITY (kgm-3),1992-03-11 00:00:00,11.5611,24.9368,N
DENSITY (kgm-3),1992-03-11 00:00:00,11.5933,24.9379,N
DENSITY (kgm-3),1992-03-11 00:00:00,11.6255,24.9364,N
DENSITY (kgm-3),1992-03-11 00:00:00,11.6577,24.934,N
DENSITY (kgm-3),1992-03-11 00:00:00,11.6899,24.9352,N
DENSITY (kgm-3),1992-03-11 00:00:00,11.7223,24.9418,N
DENSITY (kgm-3),1992-03-11 00:00:00,11.7548,24.943,N
DENSITY (kgm-3),1992-03-11 00:00:00,11.7873,24.939,N
DENSITY (kgm-3),1992-03-11 00:00:00,11.8197,24.9409,N
DENSITY (kgm-3),1992-03-11 00:00:00,11.8523,24.9464,N
DENSITY (kgm-3),1992-03-11 00:00:00,11.8848,24.9467,N
DENSITY (kgm-3),1992-03-11 00:00:00,11.9172,24.9449,N
DENSITY (kgm-3),1992-03-11 00:00:00,11.9497,24.9456,N
DENSITY (kgm-3),1992-03-11 00:00:00,11.9823,24.9474,N
DENSITY (kgm-3),1992-03-11 00:00:00,12.0148,24.9484,N
DENSITY (kgm-3),1992-03-11 00:00:00,12.0473,24.9465,N
DENSITY (kgm-3),1992-03-11 00:00:00,12.0796,24.947,N
DENSITY (kgm-3),1992-03-11 00:00:00,12.1117,24.9541,N
DENSITY (kgm-3),1992-03-11 00:00:00,12.1438,24.9585,N
DENSITY (kgm-3),1992-03-11 00:00:00,12.1759,24.9524,N
DENSITY (kgm-3),1992-03-11 00:00:00,12.2081,24.9471,N
DENSITY (kgm-3),1992-03-11 00:00:00,12.2404,24.9485,N
DENSITY (kgm-3),1992-03-11 00:00:00,12.2729,24.9491,N
DENSITY (kgm-3),1992-03-11 00:00:00,12.3053,24.9459,N
DENSITY (kgm-3),1992-03-11 00:00:00,12.338,24.9463,N
DENSITY (kgm-3),1992-03-11 00:00:00,12.3707,24.9501,N
DENSITY (kgm-3),1992-03-11 00:00:00,12.4036,24.9504,N
DENSITY (kgm-3),1992-03-11 00:00:00,12.4366,24.9474,N
DENSITY (kgm-3),1992-03-11 00:00:00,12.4695,24.9468,N
DENSITY (kgm-3),1992-03-11 00:00:00,12.5025,24.9454,N
DENSITY (kgm-3),1992-03-11 00:00:00,12.5353,24.9431,N
DENSITY (kgm-3),1992-03-11 00:00:00,12.5681,24.9449,N
DENSITY (kgm-3),1992-03-11 00:00:00,12.6008,24.9471,N
DENSITY (kgm-3),1992-03-11 00:00:00,12.6336,24.9448,N
DENSITY (kgm-3),1992-03-11 00:00:00,12.6663,24.9453,N
DENSITY (kgm-3),1992-03-11 00:00:00,12.699,24.9506,N
DENSITY (kgm-3),1992-03-11 00:00:00,12.7318,24.9507,N
DENSITY (kgm-3),1992-03-11 00:00:00,12.7647,24.9469,N
DENSITY (kgm-3),1992-03-11 00:00:00,12.7977,24.949,N
DENSITY (kgm-3),1992-03-11 00:00:00,12.8305,24.9534,N
DENSITY (kgm-3),1992-03-11 00:00:00,12.8632,24.9547,N
DENSITY (kgm-3),1992-03-11 00:00:00,12.896,24.9556,N
DENSITY (kgm-3),1992-03-11 00:00:00,12.9287,24.952,N
DENSITY (kgm-3),1992-03-11 00:00:00,12.9613,24.9469,N
DENSITY (kgm-3),1992-03-11 00:00:00,12.9941,24.9517,N
DENSITY (kgm-3),1992-03-11 00:00:00,13.0269,24.9546,N
DENSITY (kgm-3),1992-03-11 00:00:00,13.0598,24.947,N
DENSITY (kgm-3),1992-03-11 00:00:00,13.0928,24.9467,N
DENSITY (kgm-3),1992-03-11 00:00:00,13.1258,24.9512,N
DENSITY (kgm-3),1992-03-11 00:00:00,13.1588,24.9473,N
DENSITY (kgm-3),1992-03-11 00:00:00,13.1918,24.9445,N
DENSITY (kgm-3),1992-03-11 00:00:00,13.2246,24.9475,N
DENSITY (kgm-3),1992-03-11 00:00:00,13.2575,24.95,N
DENSITY (kgm-3),1992-03-11 00:00:00,13.2906,24.9491,N
DENSITY (kgm-3),1992-03-11 00:00:00,13.3238,24.9468,N
DENSITY (kgm-3),1992-03-11 00:00:00,13.3569,24.9463,N
DENSITY (kgm-3),1992-03-11 00:00:00,13.3901,24.9446,N
DENSITY (kgm-3),1992-03-11 00:00:00,13.4233,24.9427,N
DENSITY (kgm-3),1992-03-11 00:00:00,13.4566,24.9442,N
DENSITY (kgm-3),1992-03-11 00:00:00,13.4899,24.944,N
DENSITY (kgm-3),1992-03-11 00:00:00,13.5233,24.9426,N
DENSITY (kgm-3),1992-03-11 00:00:00,13.5566,24.9423,N
DENSITY (kgm-3),1992-03-11 00:00:00,13.5899,24.941,N
DENSITY (kgm-3),1992-03-11 00:00:00,13.623,24.9431,N
DENSITY (kgm-3),1992-03-11 00:00:00,13.6562,24.9482,N
DENSITY (kgm-3),1992-03-11 00:00:00,13.6893,24.9486,N
DENSITY (kgm-3),1992-03-11 00:00:00,13.7224,24.948,N
DENSITY (kgm-3),1992-03-11 00:00:00,13.7555,24.9495,N
DENSITY (kgm-3),1992-03-11 00:00:00,13.7886,24.9468,N
DENSITY (kgm-3),1992-03-11 00:00:00,13.8218,24.9443,N
DENSITY (kgm-3),1992-03-11 00:00:00,13.8551,24.9469,N
DENSITY (kgm-3),1992-03-11 00:00:00,13.8883,24.9471,N
DENSITY (kgm-3),1992-03-11 00:00:00,13.9214,24.9441,N
DENSITY (kgm-3),1992-03-11 00:00:00,13.9545,24.9426,N
DENSITY (kgm-3),1992-03-11 00:00:00,13.9876,24.9437,N
DENSITY (kgm-3),1992-03-11 00:00:00,14.0207,24.946,N
DENSITY (kgm-3),1992-03-11 00:00:00,14.0537,24.9453,N
DENSITY (kgm-3),1992-03-11 00:00:00,14.0867,24.9453,N
DENSITY (kgm-3),1992-03-11 00:00:00,14.1197,24.9485,N
DENSITY (kgm-3),1992-03-11 00:00:00,14.1526,24.9457,N
DENSITY (kgm-3),1992-03-11 00:00:00,14.1855,24.9376,N
DENSITY (kgm-3),1992-03-11 00:00:00,14.2184,24.9384,N
DENSITY (kgm-3),1992-03-11 00:00:00,14.2512,24.9463,N
DENSITY (kgm-3),1992-03-11 00:00:00,14.284,24.948,N
DENSITY (kgm-3),1992-03-11 00:00:00,14.3167,24.9435,N
DENSITY (kgm-3),1992-03-11 00:00:00,14.3495,24.9419,N
DENSITY (kgm-3),1992-03-11 00:00:00,14.3824,24.9427,N
DENSITY (kgm-3),1992-03-11 00:00:00,14.4153,24.9437,N
DENSITY (kgm-3),1992-03-11 00:00:00,14.4483,24.9425,N
DENSITY (kgm-3),1992-03-11 00:00:00,14.4813,24.9395,N
DENSITY (kgm-3),1992-03-11 00:00:00,14.5142,24.9434,N
DENSITY (kgm-3),1992-03-11 00:00:00,14.5471,24.9503,N
DENSITY (kgm-3),1992-03-11 00:00:00,14.58,24.9462,N
DENSITY (kgm-3),1992-03-11 00:00:00,14.613,24.9402,N
DENSITY (kgm-3),1992-03-11 00:00:00,14.646,24.941,N
DENSITY (kgm-3),1992-03-11 00:00:00,14.6792,24.9386,N
DENSITY (kgm-3),1992-03-11 00:00:00,14.7123,24.934,N
DENSITY (kgm-3),1992-03-11 00:00:00,14.7453,24.9363,N
DENSITY (kgm-3),1992-03-11 00:00:00,14.7784,24.939,N
DENSITY (kgm-3),1992-03-11 00:00:00,14.8113,24.9363,N
DENSITY (kgm-3),1992-03-11 00:00:00,14.844,24.9324,N
DENSITY (kgm-3),1992-03-11 00:00:00,14.877,24.931,N
DENSITY (kgm-3),1992-03-11 00:00:00,14.9099,24.9347,N
DENSITY (kgm-3),1992-03-11 00:00:00,14.9428,24.9385,N
DENSITY (kgm-3),1992-03-11 00:00:00,14.9756,24.9396,N
DENSITY (kgm-3),1992-03-11 00:00:00,15.0084,24.9438,N
DENSITY (kgm-3),1992-03-11 00:00:00,15.0412,24.9475,N
DENSITY (kgm-3),1992-03-11 00:00:00,15.074,24.9438,N
DENSITY (kgm-3),1992-03-11 00:00:00,15.1069,24.9415,N
DENSITY (kgm-3),1992-03-11 00:00:00,15.1398,24.9451,N
DENSITY (kgm-3),1992-03-11 00:00:00,15.1726,24.9463,N
DENSITY (kgm-3),1992-03-11 00:00:00,15.2055,24.9458,N
DENSITY (kgm-3),1992-03-11 00:00:00,15.2385,24.9485,N
DENSITY (kgm-3),1992-03-11 00:00:00,15.2717,24.9507,N
DENSITY (kgm-3),1992-03-11 00:00:00,15.3047,24.951,N
DENSITY (kgm-3),1992-03-11 00:00:00,15.338,24.9536,N
DENSITY (kgm-3),1992-03-11 00:00:00,15.3711,24.9509,N
DENSITY (kgm-3),1992-03-11 00:00:00,15.4043,24.9462,N
DENSITY (kgm-3),1992-03-11 00:00:00,15.4374,24.9476,N
DENSITY (kgm-3),1992-03-11 00:00:00,15.4704,24.9476,N
DENSITY (kgm-3),1992-03-11 00:00:00,15.5034,24.9451,N
DENSITY (kgm-3),1992-03-11 00:00:00,15.5364,24.9482,N
DENSITY (kgm-3),1992-03-11 00:00:00,15.5694,24.952,N
DENSITY (kgm-3),1992-03-11 00:00:00,15.6023,24.9529,N
DENSITY (kgm-3),1992-03-11 00:00:00,15.6352,24.9543,N
DENSITY (kgm-3),1992-03-11 00:00:00,15.6681,24.9554,N
DENSITY (kgm-3),1992-03-11 00:00:00,15.7009,24.9565,N
DENSITY (kgm-3),1992-03-11 00:00:00,15.7336,24.9552,N
DENSITY (kgm-3),1992-03-11 00:00:00,15.7664,24.9525,N
DENSITY (kgm-3),1992-03-11 00:00:00,15.7991,24.9572,N
DENSITY (kgm-3),1992-03-11 00:00:00,15.8317,24.9598,N
DENSITY (kgm-3),1992-03-11 00:00:00,15.8644,24.9534,N
DENSITY (kgm-3),1992-03-11 00:00:00,15.897,24.9536,N
DENSITY (kgm-3),1992-03-11 00:00:00,15.9297,24.962,N
DENSITY (kgm-3),1992-03-11 00:00:00,15.9626,24.9652,N
DENSITY (kgm-3),1992-03-11 00:00:00,15.9954,24.9674,N
DENSITY (kgm-3),1992-03-11 00:00:00,16.0283,24.9701,N
DENSITY (kgm-3),1992-03-11 00:00:00,16.0612,24.9683,N
DENSITY (kgm-3),1992-03-11 00:00:00,16.0942,24.9681,N
DENSITY (kgm-3),1992-03-11 00:00:00,16.1271,24.9702,N
DENSITY (kgm-3),1992-03-11 00:00:00,16.1601,24.9688,N
DENSITY (kgm-3),1992-03-11 00:00:00,16.1931,24.9679,N
DENSITY (kgm-3),1992-03-11 00:00:00,16.2261,24.9681,N
DENSITY (kgm-3),1992-03-11 00:00:00,16.2591,24.9657,N
DENSITY (kgm-3),1992-03-11 00:00:00,16.2923,24.9652,N
DENSITY (kgm-3),1992-03-11 00:00:00,16.3255,24.9685,N
DENSITY (kgm-3),1992-03-11 00:00:00,16.3588,24.9674,N
DENSITY (kgm-3),1992-03-11 00:00:00,16.3921,24.962,N
DENSITY (kgm-3),1992-03-11 00:00:00,16.4255,24.9626,N
DENSITY (kgm-3),1992-03-11 00:00:00,16.4588,24.9673,N
DENSITY (kgm-3),1992-03-11 00:00:00,16.4921,24.9668,N
DENSITY (kgm-3),1992-03-11 00:00:00,16.5253,24.9637,N
DENSITY (kgm-3),1992-03-11 00:00:00,16.5585,24.9651,N
DENSITY (kgm-3),1992-03-11 00:00:00,16.5917,24.9668,N
DENSITY (kgm-3),1992-03-11 00:00:00,16.6247,24.965,N
DENSITY (kgm-3),1992-03-11 00:00:00,16.6577,24.9648,N
DENSITY (kgm-3),1992-03-11 00:00:00,16.6906,24.969,N
DENSITY (kgm-3),1992-03-11 00:00:00,16.7236,24.9709,N
DENSITY (kgm-3),1992-03-11 00:00:00,16.7565,24.9702,N
DENSITY (kgm-3),1992-03-11 00:00:00,16.7893,24.972,N
DENSITY (kgm-3),1992-03-11 00:00:00,16.8221,24.9768,N
DENSITY (kgm-3),1992-03-11 00:00:00,16.8549,24.9799,N
DENSITY (kgm-3),1992-03-11 00:00:00,16.8876,24.9796,N
DENSITY (kgm-3),1992-03-11 00:00:00,16.9204,24.9811,N
DENSITY (kgm-3),1992-03-11 00:00:00,16.9532,24.9823,N
DENSITY (kgm-3),1992-03-11 00:00:00,16.986,24.9794,N
DENSITY (kgm-3),1992-03-11 00:00:00,17.0188,24.9763,N
DENSITY (kgm-3),1992-03-11 00:00:00,17.0515,24.9755,N
DENSITY (kgm-3),1992-03-11 00:00:00,17.0843,24.974,N
DENSITY (kgm-3),1992-03-11 00:00:00,17.117,24.9706,N
DENSITY (kgm-3),1992-03-11 00:00:00,17.1497,24.9673,N
DENSITY (kgm-3),1992-03-11 00:00:00,17.1825,24.9689,N
DENSITY (kgm-3),1992-03-11 00:00:00,17.2152,24.9718,N
DENSITY (kgm-3),1992-03-11 00:00:00,17.2479,24.9697,N
DENSITY (kgm-3),1992-03-11 00:00:00,17.2807,24.9706,N
DENSITY (kgm-3),1992-03-11 00:00:00,17.3135,24.9803,N
DENSITY (kgm-3),1992-03-11 00:00:00,17.3463,24.9869,N
DENSITY (kgm-3),1992-03-11 00:00:00,17.3791,24.9847,N
DENSITY (kgm-3),1992-03-11 00:00:00,17.4119,24.9823,N
DENSITY (kgm-3),1992-03-11 00:00:00,17.4447,24.9851,N
DENSITY (kgm-3),1992-03-11 00:00:00,17.4776,24.9916,N
DENSITY (kgm-3),1992-03-11 00:00:00,17.5105,24.9941,N
DENSITY (kgm-3),1992-03-11 00:00:00,17.5435,24.9933,N
DENSITY (kgm-3),1992-03-11 00:00:00,17.5766,24.9956,N
DENSITY (kgm-3),1992-03-11 00:00:00,17.6097,24.9973,N
DENSITY (kgm-3),1992-03-11 00:00:00,17.6428,24.9966,N
DENSITY (kgm-3),1992-03-11 00:00:00,17.6759,24.9973,N
DENSITY (kgm-3),1992-03-11 00:00:00,17.7089,24.9966,N
DENSITY (kgm-3),1992-03-11 00:00:00,17.7421,24.9982,N
DENSITY (kgm-3),1992-03-11 00:00:00,17.7753,25.0049,N
DENSITY (kgm-3),1992-03-11 00:00:00,17.8086,25.0079,N
DENSITY (kgm-3),1992-03-11 00:00:00,17.842,25.0085,N
DENSITY (kgm-3),1992-03-11 00:00:00,17.8754,25.0132,N
DENSITY (kgm-3),1992-03-11 00:00:00,17.9087,25.0155,N
DENSITY (kgm-3),1992-03-11 00:00:00,17.9421,25.014,N
DENSITY (kgm-3),1992-03-11 00:00:00,17.9754,25.0172,N
DENSITY (kgm-3),1992-03-11 00:00:00,18.0086,25.0222,N
DENSITY (kgm-3),1992-03-11 00:00:00,18.0416,25.021,N
DENSITY (kgm-3),1992-03-11 00:00:00,18.0747,25.0186,N
DENSITY (kgm-3),1992-03-11 00:00:00,18.1079,25.0212,N
DENSITY (kgm-3),1992-03-11 00:00:00,18.1411,25.025,N
DENSITY (kgm-3),1992-03-11 00:00:00,18.1744,25.028,N
DENSITY (kgm-3),1992-03-11 00:00:00,18.2076,25.0316,N
DENSITY (kgm-3),1992-03-11 00:00:00,18.2408,25.0328,N
DENSITY (kgm-3),1992-03-11 00:00:00,18.2739,25.0314,N
DENSITY (kgm-3),1992-03-11 00:00:00,18.307,25.0338,N
DENSITY (kgm-3),1992-03-11 00:00:00,18.3401,25.038,N
DENSITY (kgm-3),1992-03-11 00:00:00,18.3732,25.0387,N
DENSITY (kgm-3),1992-03-11 00:00:00,18.4064,25.0409,N
DENSITY (kgm-3),1992-03-11 00:00:00,18.4396,25.0455,N
DENSITY (kgm-3),1992-03-11 00:00:00,18.4728,25.0459,N
DENSITY (kgm-3),1992-03-11 00:00:00,18.5059,25.0481,N
DENSITY (kgm-3),1992-03-11 00:00:00,18.5389,25.0532,N
DENSITY (kgm-3),1992-03-11 00:00:00,18.5719,25.0518,N
DENSITY (kgm-3),1992-03-11 00:00:00,18.6049,25.0488,N
DENSITY (kgm-3),1992-03-11 00:00:00,18.6378,25.0513,N
DENSITY (kgm-3),1992-03-11 00:00:00,18.6707,25.0511,N
DENSITY (kgm-3),1992-03-11 00:00:00,18.7034,25.052,N
DENSITY (kgm-3),1992-03-11 00:00:00,18.7362,25.0581,N
DENSITY (kgm-3),1992-03-11 00:00:00,18.7691,25.0584,N
DENSITY (kgm-3),1992-03-11 00:00:00,18.802,25.0543,N
DENSITY (kgm-3),1992-03-11 00:00:00,18.8349,25.0582,N
DENSITY (kgm-3),1992-03-11 00:00:00,18.8679,25.0642,N
DENSITY (kgm-3),1992-03-11 00:00:00,18.9009,25.066,N
DENSITY (kgm-3),1992-03-11 00:00:00,18.9337,25.0695,N
DENSITY (kgm-3),1992-03-11 00:00:00,18.9665,25.0736,N
DENSITY (kgm-3),1992-03-11 00:00:00,18.9994,25.0747,N
DENSITY (kgm-3),1992-03-11 00:00:00,19.0322,25.0757,N
DENSITY (kgm-3),1992-03-11 00:00:00,19.065,25.0775,N
DENSITY (kgm-3),1992-03-11 00:00:00,19.0977,25.0786,N
DENSITY (kgm-3),1992-03-11 00:00:00,19.1303,25.0791,N
DENSITY (kgm-3),1992-03-11 00:00:00,19.1629,25.0774,N
DENSITY (kgm-3),1992-03-11 00:00:00,19.1954,25.0753,N
DENSITY (kgm-3),1992-03-11 00:00:00,19.2279,25.0764,N
DENSITY (kgm-3),1992-03-11 00:00:00,19.2602,25.0811,N
DENSITY (kgm-3),1992-03-11 00:00:00,19.2925,25.0815,N
DENSITY (kgm-3),1992-03-11 00:00:00,19.3248,25.0758,N
DENSITY (kgm-3),1992-03-11 00:00:00,19.3569,25.0752,N
DENSITY (kgm-3),1992-03-11 00:00:00,19.3889,25.0793,N
DENSITY (kgm-3),1992-03-11 00:00:00,19.4208,25.0809,N
DENSITY (kgm-3),1992-03-11 00:00:00,19.4527,25.0862,N
DENSITY (kgm-3),1992-03-11 00:00:00,19.4845,25.0916,N
DENSITY (kgm-3),1992-03-11 00:00:00,19.5162,25.0862,N
DENSITY (kgm-3),1992-03-11 00:00:00,19.5477,25.0803,N
DENSITY (kgm-3),1992-03-11 00:00:00,19.5792,25.0835,N
DENSITY (kgm-3),1992-03-11 00:00:00,19.6108,25.0841,N
DENSITY (kgm-3),1992-03-11 00:00:00,19.6423,25.0841,N
DENSITY (kgm-3),1992-03-11 00:00:00,19.6735,25.0889,N
DENSITY (kgm-3),1992-03-11 00:00:00,19.7049,25.0842,N
DENSITY (kgm-3),1992-03-11 00:00:00,19.7361,25.0741,N
DENSITY (kgm-3),1992-03-11 00:00:00,19.7673,25.0741,N
DENSITY (kgm-3),1992-03-11 00:00:00,19.7985,25.0771,N
DENSITY (kgm-3),1992-03-11 00:00:00,19.8296,25.0747,N
DENSITY (kgm-3),1992-03-11 00:00:00,19.8607,25.0729,N
DENSITY (kgm-3),1992-03-11 00:00:00,19.8917,25.077,N
DENSITY (kgm-3),1992-03-11 00:00:00,19.9228,25.0869,N
DENSITY (kgm-3),1992-03-11 00:00:00,19.9538,25.0918,N
DENSITY (kgm-3),1992-03-11 00:00:00,19.9847,25.0815,N
DENSITY (kgm-3),1992-03-11 00:00:00,20.0155,25.0715,N
DENSITY (kgm-3),1992-03-11 00:00:00,20.0462,25.0762,N
DENSITY (kgm-3),1992-03-11 00:00:00,20.0769,25.082,N
DENSITY (kgm-3),1992-03-11 00:00:00,20.1076,25.0779,N
DENSITY (kgm-3),1992-03-11 00:00:00,20.1383,25.0741,N
DENSITY (kgm-3),1992-03-11 00:00:00,20.169,25.0747,N
DENSITY (kgm-3),1992-03-11 00:00:00,20.1997,25.0759,N
DENSITY (kgm-3),1992-03-11 00:00:00,20.2303,25.0801,N
